-1.2433	-0.0897
-1.2325	-0.1010
-1.2219	-0.1017
-1.2114	-0.1015
-1.2010	-0.1009
-1.1907	-0.1006
-1.1805	-0.1002
-1.1704	-0.1000
-1.1604	-0.0996
-1.1504	-0.0991
-1.1406	-0.0992
-1.1308	-0.0991
-1.1211	-0.0989
-1.1116	-0.0991
-1.1021	-0.0998
-1.0927	-0.1000
-1.0833	-0.1000
-1.0741	-0.1005
-1.0650	-0.1004
-1.0560	-0.1007
-1.0470	-0.1006
-1.0382	-0.1007
-1.0294	-0.1007
-1.0208	-0.1006
-1.0122	-0.1000
-1.0037	-0.0999
-0.9953	-0.1011
-0.9870	-0.1012
-0.9787	-0.1008
-0.9705	-0.1009
-0.9624	-0.1014
-0.9543	-0.1015
-0.9462	-0.1015
-0.9381	-0.1018
-0.9300	-0.1014
-0.9219	-0.1011
-0.9138	-0.1007
-0.9057	-0.1001
-0.8976	-0.1002
-0.8894	-0.1002
-0.8812	-0.0999
-0.8730	-0.0999
-0.8647	-0.0999
-0.8564	-0.1000
-0.8480	-0.0997
-0.8395	-0.0990
-0.8310	-0.0984
-0.8225	-0.0978
-0.8138	-0.0970
-0.8052	-0.0970
-0.7964	-0.0963
-0.7877	-0.0958
-0.7789	-0.0952
-0.7701	-0.0944
-0.7613	-0.0941
-0.7524	-0.0933
-0.7435	-0.0930
-0.7346	-0.0934
-0.7257	-0.0938
-0.7167	-0.0942
-0.7077	-0.0942
-0.6986	-0.0938
-0.6895	-0.0934
-0.6803	-0.0921
-0.6711	-0.0914
-0.6618	-0.0909
-0.6525	-0.0903
-0.6432	-0.0899
-0.6338	-0.0899
-0.6245	-0.0895
-0.6151	-0.0890
-0.6058	-0.0893
-0.5965	-0.0894
-0.5872	-0.0890
-0.5779	-0.0889
-0.5687	-0.0895
-0.5595	-0.0903
-0.5503	-0.0904
-0.5412	-0.0902
-0.5321	-0.0901
-0.5231	-0.0902
-0.5141	-0.0907
-0.5052	-0.0906
-0.4963	-0.0908
-0.4874	-0.0910
-0.4786	-0.0904
-0.4699	-0.0895
-0.4612	-0.0887
-0.4526	-0.0890
-0.4440	-0.0891
-0.4355	-0.0888
-0.4271	-0.0885
-0.4187	-0.0873
-0.4104	-0.0868
-0.4021	-0.0864
-0.3938	-0.0855
-0.3856	-0.0857
-0.3775	-0.0861
-0.3694	-0.0859
-0.3613	-0.0859
-0.3532	-0.0861
-0.3452	-0.0857
-0.3372	-0.0844
-0.3293	-0.0833
-0.3213	-0.0826
-0.3135	-0.0818
-0.3056	-0.0802
-0.2978	-0.0786
-0.2899	-0.0775
-0.2822	-0.0762
-0.2744	-0.0763
-0.2667	-0.0766
-0.2590	-0.0766
-0.2513	-0.0764
-0.2437	-0.0753
-0.2360	-0.0748
-0.2285	-0.0747
-0.2209	-0.0741
-0.2134	-0.0728
-0.2058	-0.0723
-0.1984	-0.0724
-0.1909	-0.0732
-0.1835	-0.0737
-0.1761	-0.0733
-0.1687	-0.0724
-0.1613	-0.0724
-0.1540	-0.0730
-0.1466	-0.0734
-0.1393	-0.0731
-0.1321	-0.0725
-0.1248	-0.0714
-0.1176	-0.0714
-0.1104	-0.0716
-0.1032	-0.0707
-0.0960	-0.0702
-0.0889	-0.0700
-0.0818	-0.0696
-0.0747	-0.0688
-0.0676	-0.0682
-0.0606	-0.0687
-0.0535	-0.0684
-0.0466	-0.0682
-0.0395	-0.0682
-0.0326	-0.0685
-0.0256	-0.0693
-0.0187	-0.0691
-0.0117	-0.0694
-0.0048	-0.0702
0.0021	-0.0702
0.0090	-0.0695
0.0159	-0.0684
0.0228	-0.0676
0.0297	-0.0672
0.0366	-0.0671
0.0435	-0.0669
0.0504	-0.0666
0.0572	-0.0662
0.0641	-0.0654
0.0710	-0.0650
0.0779	-0.0646
0.0848	-0.0641
0.0916	-0.0639
0.0985	-0.0636
0.1054	-0.0642
0.1123	-0.0644
0.1192	-0.0641
0.1261	-0.0634
0.1329	-0.0626
0.1398	-0.0620
0.1467	-0.0619
0.1536	-0.0617
0.1605	-0.0615
0.1674	-0.0611
0.1744	-0.0605
0.1813	-0.0600
0.1882	-0.0596
0.1952	-0.0592
0.2021	-0.0584
0.2090	-0.0579
0.2160	-0.0574
0.2230	-0.0572
0.2299	-0.0574
0.2369	-0.0576
0.2439	-0.0574
0.2509	-0.0568
0.2579	-0.0566
0.2649	-0.0564
0.2719	-0.0552
0.2789	-0.0545
0.2860	-0.0540
0.2931	-0.0534
0.3003	-0.0533
0.3074	-0.0534
0.3147	-0.0536
0.3219	-0.0528
0.3293	-0.0523
0.3367	-0.0525
0.3442	-0.0521
0.3518	-0.0516
0.3595	-0.0515
0.3674	-0.0506
0.3754	-0.0497
0.3835	-0.0494
0.3917	-0.0477
0.4001	-0.0461
0.4087	-0.0450
0.4173	-0.0445
0.4261	-0.0448
0.4351	-0.0448
0.4442	-0.0439
0.4534	-0.0427
0.4628	-0.0415
0.4724	-0.0408
0.4822	-0.0401
0.4922	-0.0398
0.5024	-0.0392
0.5130	-0.0387
0.5238	-0.0375
0.5349	-0.0360
0.5463	-0.0350
0.5580	-0.0341
0.5700	-0.0335
0.5822	-0.0331
0.5947	-0.0322
0.6073	-0.0316
0.6200	-0.0316
0.6328	-0.0325
0.6456	-0.0341
0.6585	-0.0359
0.6714	-0.0369
0.6843	-0.0373
0.6972	-0.0376
0.7100	-0.0380
0.7227	-0.0391
0.7353	-0.0403
0.7478	-0.0415
0.7602	-0.0420
0.7723	-0.0426
0.7843	-0.0432
0.7961	-0.0438
0.8077	-0.0440
0.8190	-0.0446
0.8302	-0.0455
0.8411	-0.0470
0.8518	-0.0483
0.8623	-0.0486
0.8726	-0.0484
0.8827	-0.0487
0.8926	-0.0486
0.9023	-0.0488
0.9119	-0.0495
0.9213	-0.0489
0.9306	-0.0483
0.9397	-0.0480
0.9487	-0.0480
0.9575	-0.0478
0.9662	-0.0472
0.9749	-0.0464
0.9834	-0.0464
0.9918	-0.0460
1.0001	-0.0453
1.0083	-0.0449
1.0165	-0.0449
1.0246	-0.0443
1.0326	-0.0441
1.0406	-0.0434
1.0485	-0.0428
1.0565	-0.0426
1.0644	-0.0416
1.0723	-0.0406
1.0802	-0.0402
1.0881	-0.0402
1.0959	-0.0405
1.1038	-0.0406
1.1117	-0.0400
1.1195	-0.0393
1.1273	-0.0389
1.1352	-0.0386
1.1430	-0.0384
1.1508	-0.0382
1.1585	-0.0382
1.1663	-0.0380
1.1740	-0.0370
1.1818	-0.0361
1.1895	-0.0355
1.1972	-0.0354
1.2050	-0.0355
1.2127	-0.0359
1.2203	-0.0360
1.2280	-0.0361
1.2357	-0.0355
1.2433	-0.0357
1.2510	-0.0360
1.2585	-0.0365
1.2661	-0.0362
1.2737	-0.0358
1.2812	-0.0353
1.2887	-0.0344
1.2962	-0.0333
1.3037	-0.0326
1.3111	-0.0322
1.3184	-0.0328
1.3257	-0.0326
1.3329	-0.0328
1.3401	-0.0328
1.3472	-0.0325
1.3542	-0.0323
1.3611	-0.0325
1.3680	-0.0329
1.3748	-0.0331
1.3816	-0.0324
1.3883	-0.0325
1.3950	-0.0319
1.4017	-0.0320
1.4083	-0.0316
1.4149	-0.0318
1.4215	-0.0317
1.4281	-0.0310
1.4346	-0.0301
1.4412	-0.0299
1.4477	-0.0298
1.4543	-0.0297
1.4609	-0.0297
1.4675	-0.0301
1.4742	-0.0298
1.4810	-0.0288
1.4878	-0.0278
1.4948	-0.0270
1.5018	-0.0254
1.5088	-0.0243
1.5159	-0.0230
1.5231	-0.0214
1.5302	-0.0206
1.5372	-0.0202
1.5441	-0.0197
1.5509	-0.0202
1.5575	-0.0206
1.5640	-0.0212
1.5703	-0.0221
1.5764	-0.0226
1.5823	-0.0233
1.5880	-0.0239
1.5937	-0.0243
1.5992	-0.0251
1.6047	-0.0249
1.6102	-0.0236
1.6156	-0.0235
1.6211	-0.0226
1.6266	-0.0221
1.6323	-0.0212
1.6380	-0.0196
1.6438	-0.0191
1.6497	-0.0183
1.6558	-0.0179
1.6620	-0.0165
1.6683	-0.0152
1.6747	-0.0136
1.6812	-0.0130
1.6878	-0.0130
1.6944	-0.0126
1.7011	-0.0125
1.7078	-0.0126
1.7146	-0.0128
1.7213	-0.0131
1.7280	-0.0129
1.7347	-0.0133
1.7413	-0.0135
1.7479	-0.0131
1.7544	-0.0130
1.7609	-0.0129
1.7673	-0.0127
1.7736	-0.0129
1.7799	-0.0132
1.7860	-0.0129
1.7922	-0.0118
1.7982	-0.0117
1.8042	-0.0115
1.8101	-0.0116
1.8159	-0.0120
1.8217	-0.0122
1.8275	-0.0120
1.8332	-0.0120
1.8389	-0.0118
1.8445	-0.0113
1.8502	-0.0115
1.8558	-0.0110
1.8614	-0.0105
1.8671	-0.0103
1.8727	-0.0097
1.8783	-0.0084
1.8839	-0.0080
1.8895	-0.0077
1.8950	-0.0077
1.9006	-0.0076
1.9061	-0.0072
1.9115	-0.0064
1.9170	-0.0058
1.9223	-0.0048
1.9276	-0.0053
1.9329	-0.0063
1.9380	-0.0064
1.9431	-0.0064
1.9481	-0.0060
1.9531	-0.0060
1.9580	-0.0056
1.9628	-0.0054
1.9676	-0.0055
1.9724	-0.0052
1.9771	-0.0052
1.9818	-0.0046
1.9865	-0.0031
1.9912	-0.0027
1.9959	-0.0022
2.0006	-0.0025
2.0054	-0.0033
2.0101	-0.0038
2.0149	-0.0035
2.0197	-0.0029
2.0245	-0.0023
2.0293	-0.0020
2.0340	-0.0013
2.0388	-0.0008
2.0435	-0.0009
2.0482	-0.0009
2.0527	-0.0002
2.0571	-0.0001
2.0613	0.0004
2.0654	0.0009
2.0692	0.0001
2.0727	-0.0012
2.0761	-0.0017
2.0792	-0.0011
2.0821	-0.0010
2.0848	-0.0009
2.0874	-0.0005
2.0898	-0.0008
2.0921	-0.0010
2.0944	-0.0011
2.0966	-0.0008
2.0988	-0.0009
2.1010	-0.0006
2.1034	-0.0005
2.1058	0.0002
2.1085	0.0015
2.1114	0.0030
2.1146	0.0042
2.1180	0.0048
2.1218	0.0056
2.1258	0.0063
2.1301	0.0068
2.1348	0.0077
2.1396	0.0077
2.1447	0.0076
2.1499	0.0083
2.1553	0.0091
2.1608	0.0096
2.1664	0.0097
2.1720	0.0093
2.1778	0.0086
2.1835	0.0081
2.1894	0.0075
2.1953	0.0075
2.2013	0.0083
2.2073	0.0090
2.2133	0.0096
2.2194	0.0104
2.2254	0.0114
2.2314	0.0115
2.2374	0.0114
2.2434	0.0112
2.2492	0.0105
2.2550	0.0105
2.2607	0.0101
2.2663	0.0095
2.2719	0.0088
2.2774	0.0077
2.2828	0.0067
2.2881	0.0069
2.2933	0.0073
2.2985	0.0075
2.3036	0.0078
2.3086	0.0083
2.3134	0.0090
2.3182	0.0098
2.3229	0.0102
2.3275	0.0106
2.3320	0.0108
2.3363	0.0110
2.3406	0.0106
2.3446	0.0105
2.3486	0.0107
2.3524	0.0110
2.3561	0.0110
2.3597	0.0111
2.3632	0.0118
2.3666	0.0116
2.3699	0.0111
2.3731	0.0104
2.3762	0.0099
2.3793	0.0097
2.3823	0.0106
2.3852	0.0117
2.3881	0.0132
2.3909	0.0143
2.3937	0.0148
2.3964	0.0154
2.3991	0.0162
2.4018	0.0164
2.4044	0.0156
2.4069	0.0152
2.4093	0.0146
2.4116	0.0147
2.4139	0.0154
2.4160	0.0160
2.4181	0.0163
2.4200	0.0166
2.4219	0.0169
2.4237	0.0171
2.4254	0.0173
2.4269	0.0177
2.4285	0.0180
2.4299	0.0182
2.4312	0.0183
2.4325	0.0189
2.4336	0.0195
2.4347	0.0203
2.4357	0.0207
2.4367	0.0210
2.4375	0.0216
2.4384	0.0217
2.4392	0.0214
2.4400	0.0219
2.4407	0.0229
2.4415	0.0237
2.4422	0.0240
2.4428	0.0238
2.4435	0.0239
2.4441	0.0245
2.4447	0.0245
2.4453	0.0241
2.4458	0.0239
2.4463	0.0236
2.4467	0.0230
2.4472	0.0232
2.4476	0.0230
2.4480	0.0223
2.4485	0.0229
2.4489	0.0238
2.4493	0.0240
2.4498	0.0250
2.4502	0.0254
2.4505	0.0262
2.4508	0.0267
2.4509	0.0274
2.4508	0.0274
2.4506	0.0280
2.4501	0.0276
2.4494	0.0269
2.4484	0.0274
2.4471	0.0271
2.4456	0.0265
2.4439	0.0259
2.4420	0.0253
2.4400	0.0249
2.4378	0.0241
2.4355	0.0236
2.4332	0.0231
2.4307	0.0237
2.4282	0.0248
2.4256	0.0263
2.4229	0.0271
2.4200	0.0277
2.4171	0.0280
2.4140	0.0289
2.4108	0.0294
2.4075	0.0303
2.4041	0.0307
2.4005	0.0304
2.3969	0.0294
2.3931	0.0283
2.3893	0.0274
2.3853	0.0268
2.3813	0.0264
2.3772	0.0260
2.3729	0.0254
2.3686	0.0253
2.3641	0.0258
2.3596	0.0260
2.3551	0.0264
2.3504	0.0268
2.3458	0.0275
2.3411	0.0273
2.3365	0.0277
2.3318	0.0288
2.3273	0.0301
2.3229	0.0305
2.3186	0.0313
2.3144	0.0323
2.3103	0.0321
2.3063	0.0315
2.3023	0.0313
2.2983	0.0309
2.2944	0.0306
2.2904	0.0307
2.2864	0.0302
2.2824	0.0301
2.2785	0.0304
2.2745	0.0306
2.2706	0.0308
2.2668	0.0313
2.2630	0.0317
2.2592	0.0319
2.2555	0.0324
2.2518	0.0324
2.2480	0.0325
2.2443	0.0323
2.2406	0.0320
2.2369	0.0320
2.2333	0.0314
2.2298	0.0316
2.2263	0.0316
2.2229	0.0312
2.2197	0.0308
2.2164	0.0302
2.2132	0.0306
2.2101	0.0313
2.2071	0.0314
2.2041	0.0312
2.2011	0.0311
2.1982	0.0313
2.1953	0.0323
2.1924	0.0324
2.1896	0.0324
2.1868	0.0326
2.1840	0.0325
2.1813	0.0323
2.1786	0.0328
2.1758	0.0331
2.1731	0.0330
2.1704	0.0332
2.1676	0.0336
2.1649	0.0342
2.1620	0.0347
2.1592	0.0344
2.1564	0.0342
2.1535	0.0337
2.1507	0.0336
2.1478	0.0335
2.1449	0.0337
2.1421	0.0343
2.1393	0.0353
2.1365	0.0356
2.1337	0.0357
2.1310	0.0361
2.1283	0.0367
2.1256	0.0378
2.1230	0.0386
2.1205	0.0387
2.1179	0.0393
2.1154	0.0400
2.1130	0.0405
2.1105	0.0401
2.1081	0.0400
2.1057	0.0396
2.1034	0.0410
2.1010	0.0421
2.0987	0.0427
2.0964	0.0429
2.0941	0.0437
2.0918	0.0438
2.0895	0.0441
2.0872	0.0440
2.0849	0.0446
2.0827	0.0456
2.0804	0.0464
2.0781	0.0476
2.0759	0.0490
2.0736	0.0504
2.0713	0.0512
2.0689	0.0521
2.0665	0.0523
2.0641	0.0525
2.0616	0.0522
2.0590	0.0522
2.0564	0.0518
2.0536	0.0514
2.0508	0.0517
2.0479	0.0521
2.0450	0.0524
2.0419	0.0525
2.0389	0.0530
2.0357	0.0538
2.0325	0.0548
2.0293	0.0556
2.0260	0.0562
2.0227	0.0568
2.0193	0.0574
2.0159	0.0577
2.0124	0.0584
2.0088	0.0588
2.0051	0.0594
2.0012	0.0595
1.9971	0.0600
1.9927	0.0600
1.9881	0.0605
1.9832	0.0609
1.9780	0.0609
1.9724	0.0603
1.9664	0.0596
1.9601	0.0595
1.9534	0.0596
1.9464	0.0593
1.9390	0.0593
1.9313	0.0592
1.9232	0.0587
1.9149	0.0592
1.9064	0.0589
1.8976	0.0592
1.8888	0.0599
1.8800	0.0598
1.8712	0.0600
1.8624	0.0605
1.8538	0.0610
1.8453	0.0619
1.8370	0.0632
1.8289	0.0649
1.8209	0.0669
1.8132	0.0680
1.8056	0.0698
1.7982	0.0714
1.7909	0.0728
1.7837	0.0735
1.7767	0.0739
1.7697	0.0747
1.7628	0.0758
1.7560	0.0768
1.7492	0.0776
1.7424	0.0774
1.7357	0.0772
1.7289	0.0774
1.7222	0.0773
1.7155	0.0771
1.7088	0.0767
1.7021	0.0774
1.6955	0.0777
1.6889	0.0783
1.6823	0.0786
1.6758	0.0788
1.6694	0.0789
1.6630	0.0794
1.6566	0.0805
1.6503	0.0810
1.6440	0.0818
1.6378	0.0822
1.6315	0.0828
1.6252	0.0833
1.6189	0.0830
1.6126	0.0834
1.6062	0.0847
1.5997	0.0859
1.5932	0.0869
1.5866	0.0872
1.5800	0.0873
1.5732	0.0871
1.5665	0.0878
1.5597	0.0889
1.5529	0.0900
1.5462	0.0906
1.5395	0.0915
1.5328	0.0922
1.5263	0.0930
1.5199	0.0934
1.5135	0.0945
1.5074	0.0952
1.5013	0.0955
1.4954	0.0962
1.4897	0.0974
1.4842	0.0990
1.4788	0.1001
1.4736	0.1013
1.4685	0.1028
1.4636	0.1037
1.4588	0.1050
1.4540	0.1058
1.4493	0.1066
1.4447	0.1065
1.4401	0.1075
1.4355	0.1089
1.4309	0.1105
1.4263	0.1119
1.4216	0.1126
1.4168	0.1129
1.4119	0.1127
1.4068	0.1129
1.4016	0.1128
1.3963	0.1130
1.3908	0.1139
1.3852	0.1147
1.3794	0.1151
1.3735	0.1161
1.3674	0.1180
1.3612	0.1199
1.3550	0.1221
1.3487	0.1240
1.3422	0.1256
1.3358	0.1265
1.3293	0.1277
1.3228	0.1292
1.3162	0.1309
1.3096	0.1329
1.3030	0.1351
1.2964	0.1367
1.2897	0.1386
1.2831	0.1406
1.2764	0.1427
1.2697	0.1445
1.2630	0.1461
1.2564	0.1480
1.2497	0.1498
1.2431	0.1521
1.2365	0.1534
1.2300	0.1553
1.2235	0.1572
1.2170	0.1591
1.2107	0.1622
1.2043	0.1651
1.1980	0.1679
1.1918	0.1707
1.1855	0.1734
1.1793	0.1766
1.1731	0.1801
1.1669	0.1834
1.1606	0.1857
1.1543	0.1886
1.1480	0.1914
1.1416	0.1948
1.1351	0.1982
1.1285	0.2010
1.1219	0.2042
1.1152	0.2072
1.1084	0.2101
1.1015	0.2133
1.0945	0.2176
1.0875	0.2223
1.0803	0.2266
1.0732	0.2307
1.0659	0.2346
1.0586	0.2395
1.0513	0.2438
1.0439	0.2476
1.0365	0.2521
1.0291	0.2564
1.0217	0.2618
1.0143	0.2674
1.0069	0.2728
0.9995	0.2786
0.9921	0.2842
0.9848	0.2894
0.9775	0.2954
0.9702	0.3017
0.9630	0.3083
0.9557	0.3149
0.9485	0.3211
0.9413	0.3279
0.9341	0.3344
0.9269	0.3417
0.9197	0.3490
0.9125	0.3571
0.9053	0.3650
0.8980	0.3719
0.8908	0.3789
0.8835	0.3863
0.8763	0.3950
0.8690	0.4035
0.8616	0.4121
0.8543	0.4202
0.8469	0.4280
0.8395	0.4367
0.8320	0.4449
0.8245	0.4532
0.8169	0.4617
0.8093	0.4696
0.8016	0.4778
0.7939	0.4856
0.7861	0.4937
0.7783	0.5010
0.7705	0.5085
0.7625	0.5161
0.7546	0.5225
0.7466	0.5289
0.7385	0.5339
0.7303	0.5381
0.7221	0.5411
0.7138	0.5427
0.7054	0.5431
0.6969	0.5432
0.6883	0.5429
0.6797	0.5415
0.6709	0.5383
0.6621	0.5339
0.6533	0.5291
0.6444	0.5234
0.6354	0.5159
0.6264	0.5072
0.6173	0.4971
0.6082	0.4854
0.5991	0.4725
0.5899	0.4580
0.5808	0.4425
0.5716	0.4257
0.5624	0.4079
0.5532	0.3891
0.5440	0.3690
0.5348	0.3486
0.5256	0.3278
0.5164	0.3058
0.5071	0.2846
0.4979	0.2626
0.4887	0.2401
0.4795	0.2169
0.4703	0.1936
0.4611	0.1710
0.4520	0.1487
0.4429	0.1275
0.4337	0.1068
0.4247	0.0867
0.4156	0.0668
0.4066	0.0474
0.3976	0.0295
0.3886	0.0124
0.3797	-0.0043
0.3708	-0.0203
0.3619	-0.0353
0.3531	-0.0487
0.3443	-0.0616
0.3355	-0.0732
0.3268	-0.0836
0.3182	-0.0931
0.3096	-0.1018
0.3010	-0.1095
0.2925	-0.1175
0.2840	-0.1247
0.2756	-0.1311
0.2672	-0.1375
0.2589	-0.1420
0.2506	-0.1456
0.2423	-0.1487
0.2342	-0.1509
0.2260	-0.1540
0.2179	-0.1568
0.2099	-0.1593
0.2019	-0.1620
0.1939	-0.1647
0.1860	-0.1672
0.1781	-0.1692
0.1703	-0.1704
0.1625	-0.1713
0.1548	-0.1724
0.1471	-0.1739
0.1394	-0.1750
0.1318	-0.1759
0.1242	-0.1766
0.1167	-0.1777
0.1092	-0.1790
0.1017	-0.1802
0.0943	-0.1800
0.0869	-0.1804
0.0795	-0.1804
0.0722	-0.1801
0.0649	-0.1802
0.0577	-0.1802
0.0505	-0.1800
0.0433	-0.1804
0.0362	-0.1808
0.0291	-0.1810
0.0220	-0.1809
0.0149	-0.1808
0.0079	-0.1809
0.0008	-0.1810
-0.0062	-0.1812
-0.0131	-0.1815
-0.0201	-0.1817
-0.0271	-0.1816
-0.0341	-0.1822
-0.0410	-0.1828
-0.0480	-0.1827
-0.0549	-0.1824
-0.0618	-0.1822
-0.0687	-0.1819
-0.0756	-0.1812
-0.0825	-0.1810
-0.0894	-0.1800
-0.0963	-0.1790
-0.1032	-0.1787
-0.1100	-0.1792
-0.1169	-0.1787
-0.1238	-0.1775
-0.1306	-0.1757
-0.1374	-0.1746
-0.1443	-0.1742
-0.1511	-0.1745
-0.1580	-0.1744
-0.1649	-0.1748
-0.1717	-0.1750
-0.1786	-0.1748
-0.1855	-0.1744
-0.1924	-0.1737
-0.1993	-0.1732
-0.2061	-0.1725
-0.2130	-0.1716
-0.2199	-0.1702
-0.2268	-0.1692
-0.2337	-0.1690
-0.2406	-0.1684
-0.2475	-0.1678
-0.2544	-0.1666
-0.2613	-0.1660
-0.2682	-0.1653
-0.2751	-0.1645
-0.2821	-0.1634
-0.2890	-0.1626
-0.2960	-0.1625
-0.3030	-0.1620
-0.3100	-0.1618
-0.3171	-0.1617
-0.3241	-0.1611
-0.3313	-0.1601
-0.3385	-0.1585
-0.3457	-0.1575
-0.3530	-0.1572
-0.3603	-0.1568
-0.3678	-0.1555
-0.3754	-0.1549
-0.3831	-0.1546
-0.3909	-0.1544
-0.3989	-0.1539
-0.4069	-0.1532
-0.4152	-0.1529
-0.4235	-0.1527
-0.4320	-0.1522
-0.4407	-0.1530
-0.4494	-0.1528
-0.4583	-0.1524
-0.4674	-0.1521
-0.4766	-0.1515
-0.4860	-0.1511
-0.4957	-0.1509
-0.5055	-0.1504
-0.5156	-0.1502
-0.5259	-0.1499
-0.5366	-0.1496
-0.5475	-0.1497
-0.5587	-0.1499
-0.5703	-0.1501
-0.5821	-0.1499
-0.5942	-0.1498
-0.6066	-0.1507
-0.6192	-0.1511
-0.6319	-0.1515
-0.6447	-0.1513
-0.6576	-0.1510
-0.6705	-0.1504
-0.6834	-0.1497
-0.6964	-0.1488
-0.7093	-0.1477
-0.7221	-0.1460
-0.7349	-0.1449
-0.7476	-0.1437
-0.7601	-0.1426
-0.7725	-0.1414
-0.7848	-0.1409
-0.7968	-0.1407
-0.8086	-0.1407
-0.8202	-0.1412
-0.8317	-0.1416
-0.8429	-0.1424
-0.8539	-0.1423
-0.8646	-0.1420
-0.8752	-0.1411
-0.8855	-0.1399
-0.8957	-0.1392
-0.9056	-0.1385
-0.9154	-0.1385
-0.9250	-0.1377
-0.9344	-0.1374
-0.9437	-0.1384
-0.9528	-0.1386
-0.9618	-0.1378
-0.9707	-0.1378
-0.9794	-0.1386
-0.9881	-0.1391
-0.9967	-0.1396
-1.0051	-0.1392
-1.0135	-0.1386
-1.0218	-0.1383
-1.0299	-0.1375
-1.0381	-0.1371
-1.0461	-0.1367
-1.0542	-0.1362
-1.0621	-0.1357
-1.0701	-0.1361
-1.0780	-0.1360
-1.0859	-0.1354
-1.0938	-0.1356
-1.1017	-0.1362
-1.1095	-0.1363
-1.1174	-0.1366
-1.1252	-0.1372
-1.1330	-0.1373
-1.1408	-0.1375
-1.1486	-0.1381
-1.1563	-0.1382
-1.1641	-0.1376
-1.1718	-0.1370
-1.1795	-0.1358
-1.1872	-0.1348
-1.1950	-0.1342
-1.2027	-0.1338
-1.2104	-0.1327
-1.2181	-0.1318
-1.2258	-0.1316
-1.2335	-0.1317
-1.2412	-0.1317
-1.2488	-0.1316
-1.2564	-0.1315
-1.2640	-0.1316
-1.2716	-0.1305
-1.2791	-0.1291
-1.2865	-0.1285
-1.2939	-0.1284
-1.3013	-0.1277
-1.3087	-0.1270
-1.3159	-0.1261
-1.3231	-0.1263
-1.3303	-0.1264
-1.3374	-0.1261
-1.3445	-0.1254
-1.3515	-0.1240
-1.3584	-0.1229
-1.3653	-0.1221
-1.3721	-0.1213
-1.3789	-0.1208
-1.3856	-0.1199
-1.3923	-0.1191
-1.3990	-0.1188
-1.4057	-0.1187
-1.4123	-0.1185
-1.4189	-0.1183
-1.4255	-0.1181
-1.4321	-0.1178
-1.4386	-0.1179
-1.4451	-0.1173
-1.4516	-0.1167
-1.4581	-0.1165
-1.4645	-0.1162
-1.4710	-0.1156
-1.4774	-0.1149
-1.4839	-0.1145
-1.4903	-0.1142
-1.4968	-0.1144
-1.5033	-0.1140
-1.5099	-0.1135
-1.5165	-0.1132
-1.5231	-0.1132
-1.5298	-0.1133
-1.5366	-0.1134
-1.5433	-0.1131
-1.5502	-0.1129
-1.5570	-0.1135
-1.5638	-0.1138
-1.5706	-0.1146
-1.5773	-0.1149
-1.5839	-0.1156
-1.5904	-0.1157
-1.5969	-0.1144
-1.6031	-0.1129
-1.6093	-0.1115
-1.6153	-0.1105
-1.6212	-0.1093
-1.6271	-0.1091
-1.6329	-0.1085
-1.6387	-0.1076
-1.6444	-0.1071
-1.6501	-0.1068
-1.6559	-0.1064
-1.6617	-0.1058
-1.6675	-0.1057
-1.6734	-0.1060
-1.6793	-0.1061
-1.6853	-0.1062
-1.6913	-0.1056
-1.6974	-0.1058
-1.7035	-0.1054
-1.7098	-0.1051
-1.7160	-0.1050
-1.7223	-0.1047
-1.7286	-0.1056
-1.7350	-0.1071
-1.7414	-0.1072
-1.7478	-0.1066
-1.7542	-0.1061
-1.7606	-0.1057
-1.7670	-0.1053
-1.7733	-0.1051
-1.7796	-0.1049
-1.7859	-0.1045
-1.7921	-0.1040
-1.7982	-0.1038
-1.8043	-0.1045
-1.8104	-0.1052
-1.8164	-0.1048
-1.8223	-0.1040
-1.8282	-0.1034
-1.8341	-0.1034
-1.8399	-0.1033
-1.8458	-0.1024
-1.8516	-0.1011
-1.8574	-0.1003
-1.8632	-0.1010
-1.8690	-0.1015
-1.8747	-0.1011
-1.8805	-0.1005
-1.8861	-0.1006
-1.8918	-0.1006
-1.8974	-0.1003
-1.9029	-0.1002
-1.9084	-0.1012
-1.9138	-0.1021
-1.9192	-0.1016
-1.9245	-0.1004
-1.9297	-0.0995
-1.9348	-0.0991
-1.9399	-0.0977
-1.9449	-0.0976
-1.9498	-0.0975
-1.9546	-0.0976
-1.9594	-0.0979
-1.9642	-0.0983
-1.9689	-0.0983
-1.9735	-0.0982
-1.9781	-0.0980
-1.9827	-0.0982
-1.9873	-0.0985
-1.9919	-0.0985
-1.9966	-0.0980
-2.0012	-0.0977
-2.0059	-0.0973
-2.0106	-0.0976
-2.0153	-0.0982
-2.0201	-0.0983
-2.0249	-0.0980
-2.0297	-0.0983
-2.0346	-0.0982
-2.0394	-0.0984
-2.0443	-0.0987
-2.0491	-0.0995
-2.0539	-0.0998
-2.0586	-0.0989
-2.0631	-0.0981
-2.0675	-0.0973
-2.0717	-0.0964
-2.0757	-0.0955
-2.0795	-0.0951
-2.0831	-0.0948
-2.0864	-0.0946
-2.0895	-0.0942
-2.0924	-0.0939
-2.0950	-0.0935
-2.0975	-0.0924
-2.0999	-0.0915
-2.1021	-0.0910
-2.1042	-0.0905
-2.1062	-0.0902
-2.1082	-0.0894
-2.1102	-0.0883
-2.1123	-0.0877
-2.1146	-0.0879
-2.1170	-0.0887
-2.1197	-0.0891
-2.1227	-0.0890
-2.1260	-0.0897
-2.1297	-0.0903
-2.1337	-0.0910
-2.1381	-0.0911
-2.1428	-0.0914
-2.1478	-0.0915
-2.1530	-0.0914
-2.1585	-0.0915
-2.1641	-0.0911
-2.1699	-0.0908
-2.1757	-0.0903
-2.1817	-0.0900
-2.1877	-0.0897
-2.1938	-0.0890
-2.1999	-0.0880
-2.2060	-0.0875
-2.2121	-0.0863
-2.2182	-0.0849
-2.2243	-0.0831
-2.2304	-0.0815
-2.2364	-0.0801
-2.2424	-0.0783
-2.2484	-0.0773
-2.2543	-0.0762
-2.2601	-0.0759
-2.2659	-0.0752
-2.2716	-0.0743
-2.2771	-0.0732
-2.2826	-0.0717
-2.2880	-0.0701
-2.2932	-0.0688
-2.2983	-0.0669
-2.3033	-0.0646
-2.3081	-0.0621
-2.3129	-0.0601
-2.3175	-0.0578
-2.3220	-0.0555
-2.3264	-0.0533
-2.3308	-0.0509
-2.3350	-0.0492
-2.3392	-0.0473
-2.3433	-0.0463
-2.3473	-0.0454
-2.3512	-0.0435
-2.3551	-0.0413
-2.3588	-0.0393
-2.3624	-0.0365
-2.3660	-0.0334
-2.3694	-0.0302
-2.3728	-0.0266
-2.3760	-0.0227
-2.3791	-0.0189
-2.3822	-0.0149
-2.3851	-0.0118
-2.3880	-0.0083
-2.3908	-0.0048
-2.3936	-0.0005
-2.3963	0.0040
-2.3989	0.0083
-2.4015	0.0127
-2.4040	0.0180
-2.4065	0.0238
-2.4088	0.0291
-2.4111	0.0359
-2.4132	0.0431
-2.4153	0.0506
-2.4171	0.0594
-2.4189	0.0682
-2.4206	0.0774
-2.4221	0.0864
-2.4235	0.0965
-2.4249	0.1074
-2.4261	0.1176
-2.4273	0.1283
-2.4284	0.1396
-2.4293	0.1518
-2.4302	0.1649
-2.4310	0.1781
-2.4316	0.1916
-2.4322	0.2057
-2.4327	0.2200
-2.4331	0.2348
-2.4335	0.2507
-2.4337	0.2674
-2.4339	0.2840
-2.4341	0.3002
-2.4341	0.3165
-2.4342	0.3343
-2.4341	0.3523
-2.4341	0.3703
-2.4340	0.3887
-2.4338	0.4067
-2.4337	0.4249
-2.4335	0.4430
-2.4332	0.4609
-2.4330	0.4782
-2.4328	0.4947
-2.4325	0.5105
-2.4323	0.5249
-2.4321	0.5378
-2.4318	0.5500
-2.4316	0.5611
-2.4314	0.5705
-2.4311	0.5781
-2.4308	0.5842
-2.4304	0.5894
-2.4299	0.5931
-2.4293	0.5953
-2.4285	0.5961
-2.4276	0.5954
-2.4265	0.5929
-2.4252	0.5886
-2.4237	0.5826
-2.4220	0.5748
-2.4202	0.5655
-2.4182	0.5546
-2.4161	0.5426
-2.4139	0.5294
-2.4115	0.5156
-2.4090	0.5013
-2.4064	0.4865
-2.4038	0.4701
-2.4010	0.4539
-2.3982	0.4378
-2.3954	0.4222
-2.3924	0.4067
-2.3894	0.3912
-2.3864	0.3751
-2.3834	0.3600
-2.3802	0.3453
-2.3771	0.3309
-2.3738	0.3173
-2.3705	0.3045
-2.3672	0.2914
-2.3638	0.2795
-2.3603	0.2685
-2.3567	0.2581
-2.3530	0.2469
-2.3492	0.2366
-2.3452	0.2276
-2.3412	0.2192
-2.3371	0.2109
-2.3329	0.2032
-2.3286	0.1952
-2.3243	0.1880
-2.3199	0.1803
-2.3156	0.1735
-2.3114	0.1666
-2.3072	0.1595
-2.3032	0.1524
-2.2994	0.1452
-2.2956	0.1385
-2.2919	0.1334
-2.2883	0.1282
-2.2847	0.1237
-2.2811	0.1189
-2.2775	0.1152
-2.2739	0.1117
-2.2702	0.1081
-2.2666	0.1035
-2.2630	0.0996
-2.2593	0.0959
-2.2557	0.0917
-2.2521	0.0870
-2.2485	0.0831
-2.2449	0.0792
-2.2414	0.0759
-2.2378	0.0731
-2.2343	0.0702
-2.2308	0.0675
-2.2273	0.0648
-2.2239	0.0620
-2.2205	0.0593
-2.2172	0.0555
-2.2140	0.0518
-2.2109	0.0482
-2.2078	0.0451
-2.2048	0.0419
-2.2019	0.0391
-2.1990	0.0364
-2.1961	0.0341
-2.1933	0.0312
-2.1905	0.0287
-2.1877	0.0262
-2.1849	0.0232
-2.1821	0.0208
-2.1793	0.0189
-2.1765	0.0172
-2.1737	0.0148
-2.1709	0.0124
-2.1681	0.0104
-2.1654	0.0091
-2.1626	0.0081
-2.1599	0.0064
-2.1573	0.0042
-2.1547	0.0024
-2.1521	0.0006
-2.1496	-0.0012
-2.1471	-0.0039
-2.1447	-0.0072
-2.1422	-0.0099
-2.1397	-0.0113
-2.1372	-0.0124
-2.1347	-0.0128
-2.1321	-0.0135
-2.1295	-0.0147
-2.1268	-0.0164
-2.1242	-0.0178
-2.1216	-0.0192
-2.1189	-0.0202
-2.1163	-0.0209
-2.1138	-0.0219
-2.1112	-0.0236
-2.1088	-0.0250
-2.1063	-0.0260
-2.1040	-0.0277
-2.1016	-0.0287
-2.0993	-0.0307
-2.0971	-0.0323
-2.0948	-0.0336
-2.0926	-0.0353
-2.0904	-0.0365
-2.0882	-0.0380
-2.0861	-0.0396
-2.0839	-0.0406
-2.0818	-0.0425
-2.0797	-0.0452
-2.0776	-0.0473
-2.0755	-0.0481
-2.0734	-0.0486
-2.0712	-0.0477
-2.0690	-0.0470
-2.0668	-0.0467
-2.0645	-0.0460
-2.0621	-0.0460
-2.0597	-0.0466
-2.0572	-0.0472
-2.0547	-0.0470
-2.0521	-0.0468
-2.0495	-0.0471
-2.0468	-0.0481
-2.0442	-0.0490
-2.0414	-0.0503
-2.0387	-0.0516
-2.0359	-0.0536
-2.0330	-0.0553
-2.0301	-0.0567
-2.0271	-0.0577
-2.0240	-0.0588
-2.0208	-0.0595
-2.0174	-0.0592
-2.0139	-0.0593
-2.0103	-0.0598
-2.0064	-0.0610
-2.0024	-0.0619
-1.9981	-0.0627
-1.9936	-0.0637
-1.9888	-0.0639
-1.9837	-0.0640
-1.9782	-0.0643
-1.9725	-0.0647
-1.9665	-0.0653
-1.9602	-0.0660
-1.9536	-0.0663
-1.9466	-0.0664
-1.9394	-0.0669
-1.9319	-0.0670
-1.9242	-0.0672
-1.9162	-0.0668
-1.9080	-0.0671
-1.8996	-0.0681
-1.8911	-0.0683
-1.8825	-0.0685
-1.8740	-0.0689
-1.8655	-0.0691
-1.8571	-0.0697
-1.8488	-0.0708
-1.8406	-0.0722
-1.8327	-0.0739
-1.8249	-0.0760
-1.8172	-0.0785
-1.8098	-0.0798
-1.8025	-0.0805
-1.7953	-0.0815
-1.7882	-0.0827
-1.7813	-0.0841
-1.7744	-0.0843
-1.7675	-0.0844
-1.7607	-0.0844
-1.7539	-0.0847
-1.7472	-0.0847
-1.7404	-0.0846
-1.7337	-0.0850
-1.7269	-0.0851
-1.7202	-0.0852
-1.7135	-0.0857
-1.7068	-0.0866
-1.7001	-0.0874
-1.6936	-0.0880
-1.6870	-0.0883
-1.6805	-0.0884
-1.6741	-0.0878
-1.6677	-0.0885
-1.6613	-0.0889
-1.6549	-0.0891
-1.6485	-0.0893
-1.6420	-0.0899
-1.6356	-0.0903
-1.6291	-0.0905
-1.6225	-0.0901
-1.6159	-0.0894
-1.6093	-0.0890
-1.6026	-0.0888
-1.5959	-0.0890
-1.5892	-0.0896
-1.5825	-0.0902
-1.5758	-0.0906
-1.5691	-0.0916
-1.5625	-0.0929
-1.5559	-0.0936
-1.5494	-0.0942
-1.5429	-0.0949
-1.5365	-0.0957
-1.5302	-0.0961
-1.5239	-0.0963
-1.5177	-0.0968
-1.5115	-0.0966
-1.5054	-0.0968
-1.4994	-0.0970
-1.4935	-0.0972
-1.4876	-0.0968
-1.4818	-0.0959
-1.4762	-0.0961
-1.4706	-0.0964
-1.4651	-0.0964
-1.4596	-0.0963
-1.4543	-0.0964
-1.4490	-0.0965
-1.4438	-0.0971
-1.4387	-0.0984
-1.4336	-0.0993
-1.4286	-0.1001
-1.4236	-0.1007
-1.4186	-0.1005
-1.4135	-0.1004
-1.4085	-0.1008
-1.4034	-0.1011
-1.3983	-0.1015
-1.3931	-0.1005
-1.3878	-0.0998
-1.3824	-0.0990
-1.3769	-0.0987
-1.3714	-0.0986
-1.3657	-0.0985
-1.3600	-0.0980
-1.3541	-0.0985
-1.3482	-0.0988
-1.3422	-0.0988
-1.3361	-0.0986
-1.3300	-0.0987
-1.3237	-0.0987
-1.3174	-0.0983
-1.3110	-0.0972
-1.3045	-0.0974
-1.2980	-0.0985
-1.2915	-0.0990
-1.2849	-0.0987
-1.2784	-0.0992
-1.2718	-0.0993
-1.2652	-0.1001
-1.2586	-0.0999
-1.2520	-0.0995
-1.2454	-0.1004
-1.2389	-0.1012
-1.2324	-0.1018
-1.2259	-0.1015
-1.2195	-0.1015
-1.2131	-0.1017
-1.2067	-0.1017
-1.2003	-0.1015
-1.1939	-0.1018
-1.1875	-0.1022
-1.1811	-0.1025
-1.1747	-0.1024
-1.1682	-0.1016
-1.1616	-0.1012
-1.1550	-0.1011
