-1.2279	0.0451
-1.2168	0.0397
-1.2058	0.0401
-1.1951	0.0410
-1.1845	0.0411
-1.1740	0.0416
-1.1637	0.0426
-1.1535	0.0431
-1.1435	0.0431
-1.1335	0.0431
-1.1237	0.0435
-1.1139	0.0445
-1.1042	0.0447
-1.0946	0.0447
-1.0851	0.0449
-1.0757	0.0445
-1.0664	0.0445
-1.0571	0.0440
-1.0479	0.0438
-1.0388	0.0432
-1.0298	0.0431
-1.0209	0.0430
-1.0120	0.0427
-1.0032	0.0413
-0.9945	0.0404
-0.9858	0.0413
-0.9772	0.0413
-0.9687	0.0408
-0.9602	0.0404
-0.9518	0.0400
-0.9435	0.0401
-0.9351	0.0408
-0.9269	0.0403
-0.9186	0.0397
-0.9104	0.0396
-0.9022	0.0393
-0.8940	0.0401
-0.8858	0.0401
-0.8776	0.0397
-0.8694	0.0395
-0.8612	0.0398
-0.8530	0.0398
-0.8448	0.0397
-0.8366	0.0396
-0.8284	0.0402
-0.8201	0.0407
-0.8119	0.0410
-0.8036	0.0412
-0.7954	0.0417
-0.7871	0.0416
-0.7788	0.0413
-0.7705	0.0409
-0.7621	0.0403
-0.7538	0.0397
-0.7454	0.0386
-0.7370	0.0383
-0.7286	0.0386
-0.7201	0.0394
-0.7116	0.0399
-0.7031	0.0401
-0.6946	0.0402
-0.6860	0.0400
-0.6774	0.0391
-0.6688	0.0394
-0.6601	0.0403
-0.6514	0.0401
-0.6427	0.0393
-0.6340	0.0388
-0.6252	0.0387
-0.6164	0.0385
-0.6076	0.0380
-0.5988	0.0377
-0.5899	0.0374
-0.5811	0.0372
-0.5723	0.0372
-0.5634	0.0366
-0.5545	0.0362
-0.5457	0.0364
-0.5368	0.0364
-0.5280	0.0363
-0.5191	0.0361
-0.5103	0.0368
-0.5014	0.0369
-0.4925	0.0365
-0.4837	0.0366
-0.4749	0.0372
-0.4661	0.0372
-0.4573	0.0371
-0.4485	0.0364
-0.4398	0.0359
-0.4310	0.0358
-0.4223	0.0360
-0.4136	0.0364
-0.4049	0.0363
-0.3962	0.0366
-0.3876	0.0375
-0.3790	0.0383
-0.3704	0.0389
-0.3619	0.0391
-0.3534	0.0386
-0.3449	0.0389
-0.3364	0.0386
-0.3280	0.0376
-0.3197	0.0372
-0.3113	0.0370
-0.3031	0.0367
-0.2948	0.0365
-0.2866	0.0365
-0.2785	0.0367
-0.2704	0.0366
-0.2624	0.0367
-0.2544	0.0362
-0.2464	0.0357
-0.2385	0.0355
-0.2307	0.0365
-0.2229	0.0372
-0.2151	0.0376
-0.2074	0.0372
-0.1997	0.0372
-0.1921	0.0369
-0.1845	0.0366
-0.1770	0.0362
-0.1695	0.0359
-0.1620	0.0356
-0.1546	0.0350
-0.1472	0.0359
-0.1398	0.0364
-0.1325	0.0362
-0.1252	0.0361
-0.1179	0.0369
-0.1107	0.0390
-0.1035	0.0407
-0.0964	0.0417
-0.0892	0.0423
-0.0821	0.0429
-0.0750	0.0435
-0.0679	0.0442
-0.0609	0.0457
-0.0538	0.0466
-0.0468	0.0471
-0.0398	0.0479
-0.0329	0.0487
-0.0259	0.0495
-0.0190	0.0501
-0.0120	0.0498
-0.0051	0.0497
0.0017	0.0501
0.0087	0.0506
0.0155	0.0509
0.0224	0.0522
0.0293	0.0542
0.0361	0.0557
0.0430	0.0563
0.0499	0.0565
0.0567	0.0572
0.0636	0.0568
0.0704	0.0563
0.0773	0.0564
0.0841	0.0574
0.0910	0.0582
0.0978	0.0595
0.1047	0.0606
0.1116	0.0614
0.1185	0.0625
0.1253	0.0632
0.1322	0.0631
0.1391	0.0632
0.1460	0.0638
0.1529	0.0648
0.1598	0.0659
0.1667	0.0667
0.1736	0.0675
0.1805	0.0679
0.1875	0.0689
0.1944	0.0703
0.2013	0.0714
0.2083	0.0717
0.2152	0.0725
0.2222	0.0738
0.2292	0.0756
0.2362	0.0767
0.2432	0.0775
0.2502	0.0785
0.2573	0.0786
0.2643	0.0783
0.2714	0.0785
0.2784	0.0791
0.2856	0.0803
0.2927	0.0813
0.2999	0.0818
0.3071	0.0827
0.3144	0.0835
0.3217	0.0850
0.3290	0.0870
0.3365	0.0881
0.3440	0.0890
0.3516	0.0891
0.3593	0.0893
0.3670	0.0902
0.3749	0.0921
0.3829	0.0933
0.3910	0.0939
0.3992	0.0945
0.4075	0.0948
0.4160	0.0956
0.4246	0.0961
0.4333	0.0970
0.4423	0.0986
0.4514	0.1001
0.4607	0.1003
0.4702	0.1011
0.4799	0.1021
0.4898	0.1033
0.4999	0.1042
0.5103	0.1050
0.5209	0.1065
0.5317	0.1080
0.5428	0.1094
0.5541	0.1104
0.5656	0.1115
0.5773	0.1132
0.5893	0.1143
0.6014	0.1159
0.6137	0.1178
0.6262	0.1198
0.6388	0.1222
0.6515	0.1244
0.6643	0.1257
0.6772	0.1268
0.6901	0.1280
0.7030	0.1294
0.7160	0.1301
0.7288	0.1310
0.7416	0.1319
0.7544	0.1326
0.7670	0.1330
0.7795	0.1333
0.7919	0.1335
0.8041	0.1347
0.8161	0.1363
0.8280	0.1382
0.8397	0.1389
0.8511	0.1392
0.8624	0.1394
0.8735	0.1387
0.8844	0.1386
0.8951	0.1392
0.9055	0.1399
0.9158	0.1392
0.9259	0.1388
0.9358	0.1386
0.9455	0.1397
0.9551	0.1407
0.9645	0.1414
0.9737	0.1412
0.9828	0.1414
0.9918	0.1417
1.0006	0.1420
1.0093	0.1429
1.0178	0.1430
1.0263	0.1438
1.0347	0.1448
1.0429	0.1455
1.0511	0.1455
1.0593	0.1464
1.0673	0.1466
1.0753	0.1468
1.0832	0.1470
1.0911	0.1473
1.0989	0.1477
1.1067	0.1484
1.1145	0.1497
1.1222	0.1516
1.1300	0.1528
1.1377	0.1540
1.1454	0.1546
1.1531	0.1552
1.1608	0.1552
1.1685	0.1545
1.1762	0.1551
1.1839	0.1551
1.1915	0.1556
1.1992	0.1568
1.2069	0.1578
1.2145	0.1585
1.2221	0.1592
1.2297	0.1590
1.2373	0.1585
1.2448	0.1583
1.2524	0.1587
1.2599	0.1590
1.2673	0.1597
1.2747	0.1607
1.2821	0.1621
1.2895	0.1634
1.2968	0.1648
1.3040	0.1658
1.3113	0.1663
1.3184	0.1669
1.3255	0.1666
1.3326	0.1660
1.3395	0.1656
1.3464	0.1663
1.3533	0.1664
1.3601	0.1679
1.3668	0.1684
1.3734	0.1691
1.3800	0.1700
1.3866	0.1708
1.3931	0.1711
1.3995	0.1713
1.4058	0.1721
1.4122	0.1721
1.4184	0.1719
1.4247	0.1718
1.4309	0.1713
1.4372	0.1717
1.4434	0.1720
1.4497	0.1728
1.4559	0.1740
1.4622	0.1751
1.4686	0.1759
1.4750	0.1765
1.4814	0.1775
1.4879	0.1782
1.4944	0.1781
1.5009	0.1791
1.5075	0.1789
1.5141	0.1791
1.5208	0.1794
1.5274	0.1803
1.5341	0.1804
1.5407	0.1805
1.5474	0.1805
1.5540	0.1802
1.5606	0.1802
1.5671	0.1798
1.5736	0.1794
1.5801	0.1792
1.5865	0.1792
1.5928	0.1796
1.5992	0.1804
1.6055	0.1805
1.6118	0.1811
1.6181	0.1821
1.6244	0.1821
1.6307	0.1821
1.6371	0.1824
1.6435	0.1841
1.6499	0.1849
1.6564	0.1849
1.6629	0.1851
1.6695	0.1851
1.6762	0.1855
1.6829	0.1862
1.6896	0.1864
1.6964	0.1868
1.7032	0.1881
1.7101	0.1884
1.7169	0.1899
1.7238	0.1903
1.7306	0.1907
1.7375	0.1911
1.7443	0.1917
1.7511	0.1921
1.7578	0.1920
1.7645	0.1918
1.7711	0.1918
1.7776	0.1918
1.7841	0.1916
1.7905	0.1910
1.7969	0.1912
1.8032	0.1916
1.8094	0.1921
1.8155	0.1921
1.8216	0.1916
1.8277	0.1910
1.8336	0.1903
1.8395	0.1899
1.8454	0.1897
1.8513	0.1890
1.8570	0.1884
1.8628	0.1880
1.8686	0.1887
1.8743	0.1896
1.8799	0.1900
1.8856	0.1898
1.8912	0.1897
1.8968	0.1900
1.9024	0.1900
1.9079	0.1893
1.9134	0.1896
1.9188	0.1895
1.9241	0.1892
1.9294	0.1890
1.9347	0.1881
1.9398	0.1877
1.9449	0.1872
1.9499	0.1875
1.9548	0.1880
1.9596	0.1879
1.9644	0.1873
1.9691	0.1869
1.9738	0.1872
1.9784	0.1880
1.9830	0.1892
1.9875	0.1890
1.9920	0.1888
1.9965	0.1874
2.0010	0.1865
2.0054	0.1868
2.0098	0.1872
2.0143	0.1882
2.0187	0.1887
2.0231	0.1889
2.0276	0.1883
2.0319	0.1881
2.0363	0.1883
2.0407	0.1887
2.0450	0.1893
2.0493	0.1900
2.0535	0.1897
2.0576	0.1899
2.0617	0.1898
2.0656	0.1898
2.0694	0.1903
2.0731	0.1910
2.0767	0.1914
2.0801	0.1918
2.0834	0.1917
2.0865	0.1911
2.0895	0.1905
2.0924	0.1904
2.0951	0.1896
2.0978	0.1896
2.1004	0.1893
2.1029	0.1887
2.1054	0.1882
2.1079	0.1886
2.1104	0.1892
2.1130	0.1895
2.1157	0.1906
2.1185	0.1922
2.1214	0.1934
2.1246	0.1943
2.1279	0.1946
2.1314	0.1959
2.1351	0.1970
2.1391	0.1979
2.1432	0.1982
2.1476	0.1984
2.1522	0.1994
2.1570	0.1999
2.1620	0.2003
2.1671	0.2007
2.1724	0.2012
2.1779	0.2021
2.1834	0.2021
2.1891	0.2018
2.1948	0.2017
2.2006	0.2012
2.2065	0.2009
2.2124	0.2007
2.2183	0.2006
2.2242	0.1993
2.2302	0.1990
2.2361	0.1992
2.2420	0.1994
2.2479	0.1995
2.2538	0.2000
2.2597	0.2001
2.2655	0.1998
2.2712	0.1995
2.2769	0.1993
2.2826	0.1994
2.2882	0.1994
2.2937	0.1992
2.2991	0.1993
2.3045	0.1995
2.3098	0.1997
2.3149	0.1991
2.3200	0.1979
2.3250	0.1981
2.3299	0.1973
2.3347	0.1974
2.3394	0.1977
2.3439	0.1972
2.3483	0.1970
2.3526	0.1974
2.3568	0.1967
2.3609	0.1964
2.3648	0.1968
2.3687	0.1972
2.3724	0.1972
2.3760	0.1979
2.3795	0.1985
2.3830	0.1991
2.3863	0.1986
2.3896	0.1979
2.3927	0.1973
2.3959	0.1971
2.3989	0.1975
2.4019	0.1979
2.4049	0.1988
2.4078	0.1992
2.4106	0.1990
2.4134	0.1981
2.4162	0.1977
2.4189	0.1971
2.4215	0.1972
2.4240	0.1967
2.4265	0.1966
2.4290	0.1965
2.4313	0.1967
2.4336	0.1975
2.4358	0.1977
2.4379	0.1986
2.4398	0.1987
2.4417	0.1985
2.4435	0.1977
2.4452	0.1966
2.4467	0.1956
2.4482	0.1953
2.4496	0.1950
2.4508	0.1952
2.4520	0.1959
2.4530	0.1954
2.4540	0.1950
2.4549	0.1950
2.4558	0.1957
2.4565	0.1955
2.4572	0.1958
2.4579	0.1960
2.4585	0.1970
2.4590	0.1980
2.4595	0.1977
2.4600	0.1974
2.4604	0.1977
2.4608	0.1972
2.4611	0.1972
2.4614	0.1970
2.4617	0.1971
2.4620	0.1968
2.4623	0.1972
2.4625	0.1973
2.4626	0.1969
2.4627	0.1961
2.4628	0.1947
2.4628	0.1945
2.4627	0.1947
2.4626	0.1945
2.4623	0.1942
2.4620	0.1939
2.4615	0.1940
2.4609	0.1940
2.4601	0.1946
2.4592	0.1947
2.4582	0.1940
2.4570	0.1929
2.4556	0.1922
2.4540	0.1911
2.4523	0.1900
2.4504	0.1885
2.4483	0.1867
2.4460	0.1853
2.4436	0.1856
2.4411	0.1862
2.4384	0.1865
2.4356	0.1862
2.4327	0.1852
2.4297	0.1839
2.4265	0.1830
2.4233	0.1824
2.4199	0.1821
2.4164	0.1815
2.4129	0.1804
2.4092	0.1799
2.4054	0.1795
2.4016	0.1794
2.3976	0.1797
2.3936	0.1804
2.3895	0.1792
2.3853	0.1779
2.3810	0.1773
2.3766	0.1767
2.3722	0.1760
2.3677	0.1754
2.3631	0.1747
2.3586	0.1741
2.3540	0.1732
2.3494	0.1726
2.3448	0.1730
2.3402	0.1729
2.3357	0.1731
2.3312	0.1732
2.3268	0.1726
2.3224	0.1717
2.3181	0.1710
2.3139	0.1710
2.3097	0.1713
2.3056	0.1717
2.3016	0.1722
2.2976	0.1722
2.2937	0.1713
2.2898	0.1702
2.2860	0.1694
2.2822	0.1688
2.2785	0.1674
2.2747	0.1663
2.2711	0.1652
2.2674	0.1641
2.2637	0.1635
2.2601	0.1625
2.2566	0.1614
2.2530	0.1596
2.2495	0.1586
2.2460	0.1588
2.2426	0.1585
2.2392	0.1576
2.2359	0.1575
2.2326	0.1566
2.2294	0.1562
2.2262	0.1555
2.2230	0.1546
2.2199	0.1537
2.2168	0.1529
2.2138	0.1526
2.2108	0.1518
2.2079	0.1506
2.2050	0.1492
2.2021	0.1487
2.1993	0.1483
2.1965	0.1474
2.1937	0.1466
2.1909	0.1451
2.1881	0.1448
2.1854	0.1437
2.1826	0.1422
2.1799	0.1412
2.1771	0.1406
2.1744	0.1398
2.1717	0.1392
2.1689	0.1379
2.1662	0.1365
2.1634	0.1353
2.1606	0.1347
2.1578	0.1340
2.1550	0.1327
2.1523	0.1313
2.1495	0.1301
2.1467	0.1293
2.1439	0.1278
2.1411	0.1264
2.1384	0.1250
2.1356	0.1244
2.1329	0.1232
2.1302	0.1214
2.1275	0.1196
2.1249	0.1179
2.1222	0.1162
2.1196	0.1151
2.1170	0.1138
2.1144	0.1131
2.1118	0.1120
2.1092	0.1099
2.1067	0.1088
2.1042	0.1073
2.1017	0.1046
2.0992	0.1021
2.0967	0.1000
2.0942	0.0973
2.0917	0.0941
2.0892	0.0919
2.0867	0.0904
2.0842	0.0885
2.0816	0.0864
2.0791	0.0845
2.0765	0.0823
2.0739	0.0797
2.0712	0.0777
2.0685	0.0750
2.0657	0.0721
2.0628	0.0684
2.0599	0.0642
2.0570	0.0604
2.0539	0.0572
2.0509	0.0535
2.0477	0.0498
2.0445	0.0461
2.0412	0.0420
2.0378	0.0373
2.0343	0.0327
2.0308	0.0280
2.0271	0.0232
2.0234	0.0182
2.0196	0.0123
2.0156	0.0064
2.0115	0.0002
2.0072	-0.0058
2.0028	-0.0124
1.9983	-0.0188
1.9935	-0.0266
1.9885	-0.0339
1.9832	-0.0417
1.9778	-0.0504
1.9720	-0.0596
1.9660	-0.0685
1.9597	-0.0784
1.9531	-0.0881
1.9462	-0.0992
1.9390	-0.1104
1.9315	-0.1231
1.9238	-0.1359
1.9158	-0.1492
1.9076	-0.1623
1.8993	-0.1769
1.8907	-0.1921
1.8820	-0.2070
1.8733	-0.2222
1.8644	-0.2377
1.8556	-0.2538
1.8467	-0.2708
1.8378	-0.2886
1.8290	-0.3055
1.8203	-0.3240
1.8116	-0.3432
1.8030	-0.3633
1.7946	-0.3838
1.7862	-0.4049
1.7779	-0.4273
1.7698	-0.4503
1.7617	-0.4727
1.7537	-0.4946
1.7457	-0.5165
1.7379	-0.5391
1.7301	-0.5616
1.7223	-0.5833
1.7146	-0.6045
1.7069	-0.6255
1.6993	-0.6462
1.6917	-0.6662
1.6841	-0.6852
1.6765	-0.7015
1.6690	-0.7166
1.6615	-0.7300
1.6540	-0.7416
1.6465	-0.7520
1.6390	-0.7594
1.6316	-0.7645
1.6241	-0.7676
1.6167	-0.7678
1.6093	-0.7665
1.6019	-0.7623
1.5944	-0.7564
1.5870	-0.7482
1.5796	-0.7376
1.5722	-0.7246
1.5648	-0.7100
1.5575	-0.6939
1.5501	-0.6756
1.5428	-0.6568
1.5355	-0.6371
1.5283	-0.6151
1.5211	-0.5916
1.5140	-0.5675
1.5071	-0.5433
1.5002	-0.5187
1.4935	-0.4940
1.4870	-0.4695
1.4807	-0.4450
1.4745	-0.4205
1.4686	-0.3962
1.4628	-0.3730
1.4574	-0.3507
1.4521	-0.3293
1.4471	-0.3096
1.4423	-0.2900
1.4378	-0.2712
1.4335	-0.2529
1.4294	-0.2354
1.4254	-0.2188
1.4217	-0.2025
1.4180	-0.1880
1.4145	-0.1743
1.4110	-0.1619
1.4076	-0.1500
1.4042	-0.1388
1.4008	-0.1282
1.3972	-0.1179
1.3937	-0.1087
1.3899	-0.1006
1.3861	-0.0926
1.3820	-0.0855
1.3778	-0.0794
1.3734	-0.0736
1.3688	-0.0674
1.3640	-0.0614
1.3590	-0.0559
1.3537	-0.0509
1.3482	-0.0459
1.3426	-0.0417
1.3367	-0.0375
1.3307	-0.0323
1.3245	-0.0268
1.3182	-0.0207
1.3117	-0.0157
1.3052	-0.0113
1.2986	-0.0073
1.2920	-0.0022
1.2853	0.0025
1.2786	0.0069
1.2718	0.0103
1.2651	0.0138
1.2584	0.0164
1.2517	0.0184
1.2451	0.0210
1.2385	0.0237
1.2319	0.0262
1.2254	0.0285
1.2190	0.0316
1.2126	0.0340
1.2063	0.0373
1.2000	0.0394
1.1938	0.0412
1.1876	0.0431
1.1814	0.0453
1.1753	0.0467
1.1692	0.0477
1.1631	0.0499
1.1569	0.0512
1.1508	0.0518
1.1446	0.0531
1.1384	0.0547
1.1321	0.0563
1.1258	0.0581
1.1194	0.0597
1.1130	0.0607
1.1064	0.0615
1.0998	0.0628
1.0932	0.0636
1.0864	0.0649
1.0796	0.0660
1.0727	0.0668
1.0657	0.0677
1.0586	0.0691
1.0515	0.0702
1.0443	0.0708
1.0371	0.0712
1.0298	0.0722
1.0225	0.0738
1.0151	0.0750
1.0077	0.0756
1.0002	0.0767
0.9928	0.0779
0.9853	0.0792
0.9778	0.0803
0.9704	0.0813
0.9629	0.0820
0.9554	0.0834
0.9480	0.0846
0.9405	0.0856
0.9331	0.0862
0.9257	0.0860
0.9182	0.0863
0.9108	0.0864
0.9034	0.0866
0.8960	0.0873
0.8886	0.0882
0.8812	0.0887
0.8737	0.0889
0.8663	0.0890
0.8588	0.0884
0.8513	0.0884
0.8438	0.0888
0.8363	0.0890
0.8287	0.0890
0.8211	0.0884
0.8135	0.0871
0.8059	0.0867
0.7982	0.0865
0.7905	0.0862
0.7828	0.0866
0.7750	0.0875
0.7673	0.0879
0.7594	0.0881
0.7516	0.0882
0.7437	0.0878
0.7358	0.0873
0.7278	0.0875
0.7198	0.0882
0.7117	0.0882
0.7036	0.0876
0.6955	0.0871
0.6873	0.0860
0.6791	0.0854
0.6708	0.0850
0.6625	0.0843
0.6541	0.0840
0.6457	0.0841
0.6373	0.0833
0.6288	0.0827
0.6203	0.0823
0.6117	0.0818
0.6031	0.0818
0.5945	0.0824
0.5859	0.0825
0.5773	0.0833
0.5686	0.0838
0.5600	0.0841
0.5513	0.0840
0.5426	0.0842
0.5340	0.0850
0.5253	0.0856
0.5166	0.0860
0.5079	0.0861
0.4992	0.0850
0.4906	0.0848
0.4819	0.0849
0.4732	0.0853
0.4646	0.0854
0.4559	0.0858
0.4473	0.0849
0.4386	0.0848
0.4300	0.0846
0.4214	0.0848
0.4128	0.0846
0.4042	0.0851
0.3957	0.0849
0.3871	0.0849
0.3786	0.0846
0.3701	0.0843
0.3617	0.0832
0.3532	0.0827
0.3448	0.0824
0.3365	0.0819
0.3281	0.0816
0.3198	0.0815
0.3116	0.0807
0.3033	0.0812
0.2952	0.0815
0.2870	0.0815
0.2789	0.0819
0.2709	0.0823
0.2629	0.0822
0.2549	0.0817
0.2470	0.0813
0.2392	0.0804
0.2313	0.0797
0.2236	0.0796
0.2158	0.0799
0.2082	0.0802
0.2005	0.0791
0.1929	0.0786
0.1853	0.0784
0.1778	0.0789
0.1704	0.0784
0.1629	0.0778
0.1555	0.0767
0.1482	0.0764
0.1408	0.0765
0.1335	0.0760
0.1263	0.0759
0.1191	0.0757
0.1119	0.0760
0.1047	0.0757
0.0976	0.0749
0.0905	0.0744
0.0834	0.0742
0.0764	0.0734
0.0694	0.0727
0.0624	0.0718
0.0554	0.0719
0.0485	0.0730
0.0416	0.0742
0.0347	0.0743
0.0278	0.0749
0.0209	0.0756
0.0141	0.0760
0.0073	0.0757
0.0005	0.0765
-0.0063	0.0765
-0.0131	0.0765
-0.0199	0.0773
-0.0267	0.0772
-0.0335	0.0775
-0.0402	0.0774
-0.0470	0.0766
-0.0537	0.0757
-0.0605	0.0756
-0.0672	0.0762
-0.0740	0.0774
-0.0807	0.0781
-0.0875	0.0791
-0.0942	0.0800
-0.1010	0.0799
-0.1077	0.0803
-0.1145	0.0796
-0.1212	0.0795
-0.1280	0.0794
-0.1347	0.0793
-0.1415	0.0794
-0.1483	0.0799
-0.1551	0.0799
-0.1619	0.0800
-0.1686	0.0807
-0.1755	0.0812
-0.1822	0.0806
-0.1891	0.0808
-0.1959	0.0806
-0.2027	0.0801
-0.2096	0.0799
-0.2164	0.0797
-0.2233	0.0806
-0.2301	0.0811
-0.2370	0.0812
-0.2439	0.0819
-0.2508	0.0818
-0.2577	0.0819
-0.2646	0.0808
-0.2716	0.0792
-0.2786	0.0790
-0.2856	0.0802
-0.2926	0.0815
-0.2997	0.0814
-0.3068	0.0812
-0.3139	0.0823
-0.3212	0.0836
-0.3284	0.0835
-0.3357	0.0837
-0.3431	0.0836
-0.3506	0.0837
-0.3582	0.0834
-0.3659	0.0823
-0.3736	0.0825
-0.3815	0.0829
-0.3895	0.0837
-0.3976	0.0837
-0.4059	0.0832
-0.4143	0.0832
-0.4228	0.0836
-0.4315	0.0839
-0.4404	0.0837
-0.4495	0.0840
-0.4587	0.0842
-0.4682	0.0838
-0.4778	0.0828
-0.4877	0.0815
-0.4979	0.0808
-0.5082	0.0802
-0.5188	0.0798
-0.5297	0.0795
-0.5407	0.0794
-0.5520	0.0795
-0.5636	0.0799
-0.5753	0.0803
-0.5873	0.0802
-0.5995	0.0794
-0.6118	0.0786
-0.6243	0.0780
-0.6369	0.0780
-0.6497	0.0778
-0.6625	0.0783
-0.6753	0.0791
-0.6882	0.0791
-0.7011	0.0790
-0.7139	0.0796
-0.7267	0.0804
-0.7395	0.0811
-0.7521	0.0812
-0.7646	0.0822
-0.7770	0.0821
-0.7892	0.0824
-0.8013	0.0821
-0.8132	0.0830
-0.8249	0.0841
-0.8364	0.0842
-0.8477	0.0836
-0.8588	0.0843
-0.8697	0.0853
-0.8804	0.0862
-0.8909	0.0871
-0.9012	0.0877
-0.9113	0.0879
-0.9212	0.0871
-0.9309	0.0868
-0.9405	0.0872
-0.9499	0.0872
-0.9591	0.0863
-0.9682	0.0856
-0.9771	0.0852
-0.9860	0.0845
-0.9946	0.0833
-1.0032	0.0831
-1.0117	0.0822
-1.0200	0.0817
-1.0283	0.0810
-1.0365	0.0808
-1.0446	0.0802
-1.0526	0.0799
-1.0606	0.0800
-1.0685	0.0794
-1.0764	0.0787
-1.0842	0.0787
-1.0920	0.0781
-1.0997	0.0771
-1.1075	0.0758
-1.1152	0.0750
-1.1229	0.0747
-1.1306	0.0743
-1.1383	0.0741
-1.1460	0.0730
-1.1537	0.0724
-1.1614	0.0720
-1.1691	0.0711
-1.1767	0.0699
-1.1844	0.0698
-1.1920	0.0696
-1.1997	0.0693
-1.2073	0.0681
-1.2149	0.0669
-1.2225	0.0664
-1.2300	0.0648
-1.2375	0.0637
-1.2450	0.0636
-1.2524	0.0631
-1.2598	0.0626
-1.2672	0.0618
-1.2744	0.0603
-1.2817	0.0598
-1.2889	0.0592
-1.2960	0.0575
-1.3031	0.0550
-1.3102	0.0536
-1.3171	0.0536
-1.3241	0.0535
-1.3309	0.0531
-1.3377	0.0527
-1.3445	0.0518
-1.3512	0.0511
-1.3578	0.0513
-1.3644	0.0512
-1.3710	0.0500
-1.3774	0.0487
-1.3838	0.0481
-1.3902	0.0480
-1.3965	0.0471
-1.4028	0.0463
-1.4090	0.0456
-1.4153	0.0445
-1.4214	0.0433
-1.4276	0.0437
-1.4338	0.0440
-1.4399	0.0436
-1.4461	0.0428
-1.4523	0.0422
-1.4585	0.0408
-1.4647	0.0393
-1.4710	0.0382
-1.4773	0.0369
-1.4837	0.0354
-1.4901	0.0344
-1.4965	0.0341
-1.5030	0.0340
-1.5096	0.0344
-1.5162	0.0342
-1.5228	0.0329
-1.5294	0.0315
-1.5361	0.0302
-1.5428	0.0295
-1.5495	0.0276
-1.5561	0.0262
-1.5628	0.0253
-1.5694	0.0250
-1.5760	0.0242
-1.5826	0.0241
-1.5892	0.0232
-1.5957	0.0233
-1.6022	0.0231
-1.6086	0.0226
-1.6151	0.0218
-1.6215	0.0213
-1.6279	0.0209
-1.6343	0.0209
-1.6408	0.0208
-1.6472	0.0196
-1.6537	0.0188
-1.6602	0.0167
-1.6667	0.0149
-1.6732	0.0138
-1.6798	0.0134
-1.6864	0.0124
-1.6930	0.0115
-1.6997	0.0093
-1.7064	0.0080
-1.7130	0.0069
-1.7197	0.0062
-1.7264	0.0050
-1.7331	0.0040
-1.7398	0.0030
-1.7464	0.0027
-1.7530	0.0020
-1.7596	0.0016
-1.7661	0.0015
-1.7726	0.0020
-1.7790	0.0027
-1.7854	0.0019
-1.7917	0.0015
-1.7980	0.0015
-1.8042	0.0007
-1.8104	0.0006
-1.8165	0.0005
-1.8226	-0.0000
-1.8286	-0.0005
-1.8346	-0.0014
-1.8405	-0.0023
-1.8464	-0.0042
-1.8523	-0.0048
-1.8581	-0.0051
-1.8639	-0.0053
-1.8697	-0.0061
-1.8754	-0.0074
-1.8811	-0.0080
-1.8867	-0.0081
-1.8923	-0.0091
-1.8978	-0.0102
-1.9032	-0.0106
-1.9086	-0.0113
-1.9139	-0.0119
-1.9192	-0.0123
-1.9243	-0.0126
-1.9294	-0.0134
-1.9344	-0.0135
-1.9394	-0.0137
-1.9442	-0.0144
-1.9490	-0.0152
-1.9537	-0.0161
-1.9584	-0.0175
-1.9630	-0.0182
-1.9676	-0.0198
-1.9721	-0.0207
-1.9767	-0.0217
-1.9812	-0.0227
-1.9857	-0.0231
-1.9901	-0.0239
-1.9946	-0.0252
-1.9991	-0.0260
-2.0036	-0.0260
-2.0081	-0.0268
-2.0126	-0.0285
-2.0171	-0.0297
-2.0216	-0.0303
-2.0260	-0.0308
-2.0304	-0.0322
-2.0348	-0.0335
-2.0392	-0.0343
-2.0434	-0.0350
-2.0476	-0.0352
-2.0517	-0.0361
-2.0557	-0.0373
-2.0595	-0.0384
-2.0632	-0.0392
-2.0668	-0.0388
-2.0702	-0.0389
-2.0735	-0.0403
-2.0766	-0.0412
-2.0796	-0.0424
-2.0824	-0.0433
-2.0851	-0.0446
-2.0877	-0.0452
-2.0903	-0.0450
-2.0927	-0.0443
-2.0951	-0.0440
-2.0976	-0.0443
-2.1000	-0.0461
-2.1025	-0.0487
-2.1052	-0.0497
-2.1079	-0.0511
-2.1108	-0.0515
-2.1139	-0.0529
-2.1172	-0.0546
-2.1207	-0.0568
-2.1244	-0.0590
-2.1284	-0.0604
-2.1326	-0.0614
-2.1371	-0.0622
-2.1418	-0.0639
-2.1467	-0.0651
-2.1518	-0.0660
-2.1571	-0.0671
-2.1626	-0.0682
-2.1682	-0.0694
-2.1739	-0.0697
-2.1797	-0.0704
-2.1856	-0.0719
-2.1916	-0.0727
-2.1976	-0.0730
-2.2036	-0.0734
-2.2097	-0.0736
-2.2157	-0.0741
-2.2218	-0.0749
-2.2278	-0.0757
-2.2339	-0.0774
-2.2398	-0.0783
-2.2458	-0.0788
-2.2517	-0.0790
-2.2576	-0.0798
-2.2634	-0.0808
-2.2691	-0.0816
-2.2747	-0.0828
-2.2803	-0.0837
-2.2859	-0.0838
-2.2913	-0.0839
-2.2967	-0.0843
-2.3019	-0.0854
-2.3071	-0.0864
-2.3122	-0.0872
-2.3171	-0.0872
-2.3220	-0.0876
-2.3268	-0.0879
-2.3314	-0.0888
-2.3360	-0.0905
-2.3404	-0.0917
-2.3447	-0.0922
-2.3490	-0.0931
-2.3531	-0.0944
-2.3571	-0.0950
-2.3609	-0.0961
-2.3647	-0.0969
-2.3684	-0.0970
-2.3720	-0.0975
-2.3755	-0.0971
-2.3789	-0.0967
-2.3822	-0.0964
-2.3854	-0.0968
-2.3886	-0.0968
-2.3917	-0.0972
-2.3948	-0.0979
-2.3978	-0.0990
-2.4008	-0.1002
-2.4037	-0.1004
-2.4066	-0.1010
-2.4094	-0.1027
-2.4122	-0.1042
-2.4149	-0.1058
-2.4176	-0.1069
-2.4202	-0.1072
-2.4227	-0.1073
-2.4251	-0.1081
-2.4275	-0.1083
-2.4298	-0.1090
-2.4319	-0.1096
-2.4340	-0.1103
-2.4360	-0.1102
-2.4378	-0.1103
-2.4395	-0.1117
-2.4412	-0.1122
-2.4427	-0.1118
-2.4441	-0.1127
-2.4454	-0.1132
-2.4466	-0.1138
-2.4477	-0.1153
-2.4487	-0.1165
-2.4497	-0.1176
-2.4506	-0.1191
-2.4514	-0.1205
-2.4521	-0.1213
-2.4529	-0.1214
-2.4535	-0.1215
-2.4541	-0.1231
-2.4547	-0.1242
-2.4553	-0.1251
-2.4558	-0.1260
-2.4562	-0.1270
-2.4567	-0.1281
-2.4571	-0.1294
-2.4575	-0.1298
-2.4578	-0.1312
-2.4581	-0.1319
-2.4584	-0.1336
-2.4587	-0.1349
-2.4589	-0.1359
-2.4590	-0.1365
-2.4591	-0.1372
-2.4591	-0.1374
-2.4591	-0.1376
-2.4589	-0.1387
-2.4586	-0.1399
-2.4582	-0.1418
-2.4577	-0.1441
-2.4570	-0.1453
-2.4562	-0.1470
-2.4553	-0.1485
-2.4541	-0.1494
-2.4528	-0.1511
-2.4513	-0.1526
-2.4497	-0.1538
-2.4479	-0.1557
-2.4459	-0.1569
-2.4437	-0.1588
-2.4414	-0.1602
-2.4389	-0.1617
-2.4362	-0.1633
-2.4334	-0.1638
-2.4305	-0.1641
-2.4274	-0.1648
-2.4242	-0.1659
-2.4209	-0.1670
-2.4175	-0.1684
-2.4140	-0.1694
-2.4104	-0.1711
-2.4066	-0.1732
-2.4029	-0.1743
-2.3990	-0.1753
-2.3950	-0.1766
-2.3910	-0.1783
-2.3868	-0.1805
-2.3827	-0.1827
-2.3784	-0.1848
-2.3741	-0.1862
-2.3697	-0.1877
-2.3653	-0.1891
-2.3608	-0.1911
-2.3563	-0.1933
-2.3518	-0.1954
-2.3474	-0.1978
-2.3429	-0.2003
-2.3385	-0.2026
-2.3341	-0.2043
-2.3297	-0.2060
-2.3255	-0.2079
-2.3212	-0.2100
-2.3171	-0.2125
-2.3130	-0.2148
-2.3090	-0.2170
-2.3051	-0.2189
-2.3012	-0.2211
-2.2973	-0.2229
-2.2936	-0.2254
-2.2898	-0.2276
-2.2862	-0.2304
-2.2825	-0.2330
-2.2789	-0.2364
-2.2754	-0.2398
-2.2719	-0.2425
-2.2684	-0.2444
-2.2649	-0.2462
-2.2615	-0.2485
-2.2581	-0.2503
-2.2547	-0.2529
-2.2514	-0.2560
-2.2482	-0.2604
-2.2449	-0.2635
-2.2417	-0.2669
-2.2386	-0.2700
-2.2355	-0.2730
-2.2324	-0.2765
-2.2294	-0.2800
-2.2264	-0.2824
-2.2235	-0.2860
-2.2206	-0.2896
-2.2177	-0.2929
-2.2149	-0.2957
-2.2121	-0.2995
-2.2094	-0.3028
-2.2067	-0.3057
-2.2040	-0.3093
-2.2013	-0.3132
-2.1987	-0.3169
-2.1962	-0.3211
-2.1936	-0.3254
-2.1911	-0.3301
-2.1886	-0.3334
-2.1861	-0.3375
-2.1836	-0.3428
-2.1812	-0.3484
-2.1787	-0.3537
-2.1763	-0.3588
-2.1739	-0.3651
-2.1714	-0.3711
-2.1690	-0.3775
-2.1666	-0.3837
-2.1642	-0.3906
-2.1618	-0.3978
-2.1594	-0.4050
-2.1570	-0.4124
-2.1546	-0.4195
-2.1522	-0.4274
-2.1498	-0.4349
-2.1475	-0.4437
-2.1451	-0.4530
-2.1428	-0.4630
-2.1406	-0.4722
-2.1383	-0.4821
-2.1361	-0.4925
-2.1339	-0.5031
-2.1318	-0.5147
-2.1296	-0.5270
-2.1276	-0.5396
-2.1256	-0.5533
-2.1235	-0.5664
-2.1216	-0.5804
-2.1196	-0.5949
-2.1177	-0.6099
-2.1159	-0.6247
-2.1140	-0.6397
-2.1121	-0.6554
-2.1103	-0.6721
-2.1085	-0.6884
-2.1067	-0.7054
-2.1049	-0.7226
-2.1031	-0.7398
-2.1012	-0.7571
-2.0994	-0.7743
-2.0976	-0.7919
-2.0957	-0.8085
-2.0938	-0.8250
-2.0918	-0.8411
-2.0898	-0.8571
-2.0878	-0.8719
-2.0857	-0.8866
-2.0836	-0.9004
-2.0814	-0.9117
-2.0791	-0.9216
-2.0767	-0.9300
-2.0742	-0.9366
-2.0716	-0.9415
-2.0689	-0.9444
-2.0660	-0.9449
-2.0630	-0.9425
-2.0598	-0.9378
-2.0564	-0.9309
-2.0528	-0.9218
-2.0489	-0.9102
-2.0448	-0.8957
-2.0404	-0.8782
-2.0358	-0.8580
-2.0309	-0.8360
-2.0256	-0.8116
-2.0201	-0.7853
-2.0142	-0.7565
-2.0080	-0.7260
-2.0015	-0.6933
-1.9947	-0.6601
-1.9875	-0.6268
-1.9800	-0.5925
-1.9723	-0.5581
-1.9643	-0.5240
-1.9560	-0.4901
-1.9475	-0.4575
-1.9389	-0.4252
-1.9301	-0.3943
-1.9212	-0.3643
-1.9122	-0.3351
-1.9031	-0.3081
-1.8940	-0.2835
-1.8850	-0.2593
-1.8760	-0.2368
-1.8670	-0.2166
-1.8581	-0.1982
-1.8493	-0.1809
-1.8407	-0.1644
-1.8321	-0.1495
-1.8237	-0.1364
-1.8154	-0.1245
-1.8072	-0.1136
-1.7991	-0.1037
-1.7911	-0.0938
-1.7833	-0.0850
-1.7755	-0.0773
-1.7678	-0.0697
-1.7602	-0.0644
-1.7526	-0.0590
-1.7452	-0.0535
-1.7378	-0.0486
-1.7304	-0.0436
-1.7230	-0.0390
-1.7157	-0.0347
-1.7085	-0.0315
-1.7013	-0.0274
-1.6941	-0.0238
-1.6869	-0.0206
-1.6797	-0.0179
-1.6726	-0.0151
-1.6654	-0.0128
-1.6582	-0.0103
-1.6511	-0.0075
-1.6439	-0.0046
-1.6367	-0.0017
-1.6295	0.0011
-1.6222	0.0027
-1.6149	0.0050
-1.6077	0.0068
-1.6003	0.0087
-1.5930	0.0115
-1.5856	0.0131
-1.5783	0.0146
-1.5709	0.0165
-1.5636	0.0183
-1.5563	0.0190
-1.5490	0.0204
-1.5418	0.0213
-1.5346	0.0226
-1.5276	0.0234
-1.5206	0.0241
-1.5138	0.0247
-1.5072	0.0263
-1.5006	0.0277
-1.4943	0.0281
-1.4881	0.0286
-1.4821	0.0287
-1.4763	0.0282
-1.4707	0.0274
-1.4652	0.0274
-1.4599	0.0274
-1.4548	0.0279
-1.4499	0.0286
-1.4450	0.0297
-1.4402	0.0298
-1.4356	0.0306
-1.4310	0.0314
-1.4264	0.0322
-1.4218	0.0335
-1.4172	0.0343
-1.4125	0.0345
-1.4078	0.0354
-1.4030	0.0356
-1.3981	0.0361
-1.3930	0.0379
-1.3879	0.0387
-1.3825	0.0390
-1.3770	0.0397
-1.3713	0.0402
-1.3655	0.0408
-1.3595	0.0416
-1.3534	0.0426
-1.3471	0.0442
-1.3406	0.0454
-1.3341	0.0455
-1.3274	0.0454
-1.3206	0.0447
-1.3138	0.0451
-1.3069	0.0462
-1.3000	0.0471
-1.2930	0.0467
-1.2860	0.0467
-1.2790	0.0470
-1.2720	0.0467
-1.2650	0.0460
-1.2581	0.0461
-1.2511	0.0459
-1.2443	0.0464
-1.2374	0.0462
-1.2306	0.0461
-1.2238	0.0464
-1.2171	0.0465
-1.2104	0.0467
-1.2038	0.0470
-1.1971	0.0474
-1.1905	0.0473
-1.1839	0.0478
-1.1774	0.0489
-1.1708	0.0494
-1.1642	0.0495
-1.1577	0.0495
-1.1511	0.0497
-1.1444	0.0501
-1.1378	0.0512
