-1.2446	-0.0102
-1.2337	-0.0217
-1.2229	-0.0217
-1.2122	-0.0217
-1.2018	-0.0218
-1.1914	-0.0227
-1.1812	-0.0240
-1.1711	-0.0251
-1.1611	-0.0269
-1.1513	-0.0287
-1.1415	-0.0297
-1.1318	-0.0308
-1.1223	-0.0318
-1.1128	-0.0316
-1.1034	-0.0315
-1.0942	-0.0315
-1.0850	-0.0325
-1.0759	-0.0333
-1.0669	-0.0341
-1.0580	-0.0344
-1.0492	-0.0355
-1.0404	-0.0365
-1.0318	-0.0374
-1.0233	-0.0377
-1.0149	-0.0387
-1.0065	-0.0394
-0.9983	-0.0395
-0.9901	-0.0399
-0.9820	-0.0411
-0.9740	-0.0418
-0.9660	-0.0424
-0.9581	-0.0428
-0.9502	-0.0438
-0.9423	-0.0451
-0.9344	-0.0466
-0.9266	-0.0470
-0.9187	-0.0476
-0.9108	-0.0492
-0.9029	-0.0505
-0.8950	-0.0507
-0.8871	-0.0515
-0.8791	-0.0516
-0.8711	-0.0512
-0.8630	-0.0500
-0.8549	-0.0497
-0.8467	-0.0505
-0.8384	-0.0510
-0.8301	-0.0515
-0.8217	-0.0517
-0.8132	-0.0517
-0.8047	-0.0525
-0.7962	-0.0522
-0.7876	-0.0520
-0.7790	-0.0515
-0.7703	-0.0515
-0.7616	-0.0514
-0.7529	-0.0512
-0.7441	-0.0514
-0.7353	-0.0522
-0.7264	-0.0527
-0.7175	-0.0537
-0.7086	-0.0541
-0.6996	-0.0539
-0.6906	-0.0537
-0.6815	-0.0539
-0.6723	-0.0535
-0.6632	-0.0544
-0.6539	-0.0551
-0.6447	-0.0556
-0.6354	-0.0568
-0.6261	-0.0576
-0.6168	-0.0591
-0.6075	-0.0602
-0.5982	-0.0605
-0.5889	-0.0611
-0.5796	-0.0618
-0.5704	-0.0626
-0.5612	-0.0632
-0.5520	-0.0640
-0.5429	-0.0644
-0.5338	-0.0646
-0.5247	-0.0652
-0.5157	-0.0665
-0.5067	-0.0667
-0.4978	-0.0668
-0.4889	-0.0660
-0.4800	-0.0653
-0.4712	-0.0651
-0.4625	-0.0651
-0.4538	-0.0651
-0.4451	-0.0649
-0.4366	-0.0651
-0.4280	-0.0651
-0.4195	-0.0655
-0.4111	-0.0655
-0.4027	-0.0663
-0.3944	-0.0657
-0.3861	-0.0652
-0.3778	-0.0645
-0.3695	-0.0641
-0.3613	-0.0636
-0.3532	-0.0630
-0.3450	-0.0623
-0.3369	-0.0617
-0.3289	-0.0608
-0.3208	-0.0597
-0.3128	-0.0596
-0.3048	-0.0600
-0.2969	-0.0597
-0.2890	-0.0598
-0.2810	-0.0595
-0.2732	-0.0594
-0.2654	-0.0601
-0.2575	-0.0599
-0.2498	-0.0594
-0.2420	-0.0599
-0.2343	-0.0600
-0.2266	-0.0599
-0.2189	-0.0595
-0.2113	-0.0593
-0.2037	-0.0581
-0.1961	-0.0579
-0.1886	-0.0579
-0.1811	-0.0590
-0.1736	-0.0597
-0.1661	-0.0602
-0.1587	-0.0599
-0.1512	-0.0594
-0.1439	-0.0582
-0.1365	-0.0575
-0.1291	-0.0572
-0.1218	-0.0575
-0.1145	-0.0577
-0.1073	-0.0581
-0.1000	-0.0583
-0.0928	-0.0587
-0.0856	-0.0591
-0.0785	-0.0597
-0.0714	-0.0602
-0.0643	-0.0609
-0.0572	-0.0609
-0.0501	-0.0608
-0.0431	-0.0604
-0.0361	-0.0598
-0.0291	-0.0592
-0.0221	-0.0592
-0.0151	-0.0584
-0.0081	-0.0576
-0.0011	-0.0572
0.0059	-0.0572
0.0128	-0.0570
0.0198	-0.0565
0.0267	-0.0564
0.0337	-0.0561
0.0406	-0.0562
0.0476	-0.0568
0.0545	-0.0564
0.0614	-0.0561
0.0684	-0.0548
0.0753	-0.0536
0.0822	-0.0539
0.0891	-0.0544
0.0961	-0.0548
0.1030	-0.0545
0.1099	-0.0544
0.1168	-0.0536
0.1237	-0.0530
0.1306	-0.0530
0.1375	-0.0529
0.1445	-0.0535
0.1514	-0.0533
0.1583	-0.0530
0.1652	-0.0527
0.1721	-0.0522
0.1791	-0.0521
0.1860	-0.0518
0.1929	-0.0526
0.1998	-0.0525
0.2068	-0.0523
0.2137	-0.0520
0.2206	-0.0511
0.2276	-0.0502
0.2345	-0.0493
0.2415	-0.0487
0.2484	-0.0480
0.2554	-0.0477
0.2624	-0.0475
0.2693	-0.0471
0.2764	-0.0466
0.2834	-0.0463
0.2904	-0.0459
0.2975	-0.0462
0.3046	-0.0458
0.3117	-0.0460
0.3189	-0.0459
0.3261	-0.0457
0.3334	-0.0457
0.3407	-0.0460
0.3482	-0.0459
0.3557	-0.0441
0.3633	-0.0425
0.3710	-0.0409
0.3789	-0.0398
0.3869	-0.0386
0.3951	-0.0373
0.4034	-0.0367
0.4118	-0.0369
0.4204	-0.0368
0.4291	-0.0377
0.4379	-0.0378
0.4470	-0.0381
0.4561	-0.0367
0.4654	-0.0358
0.4749	-0.0348
0.4847	-0.0342
0.4946	-0.0338
0.5048	-0.0335
0.5153	-0.0331
0.5261	-0.0320
0.5371	-0.0308
0.5485	-0.0289
0.5601	-0.0274
0.5721	-0.0265
0.5843	-0.0258
0.5967	-0.0256
0.6093	-0.0254
0.6221	-0.0245
0.6350	-0.0242
0.6480	-0.0243
0.6611	-0.0250
0.6742	-0.0255
0.6873	-0.0262
0.7004	-0.0276
0.7134	-0.0283
0.7264	-0.0290
0.7393	-0.0302
0.7521	-0.0312
0.7648	-0.0325
0.7773	-0.0335
0.7896	-0.0343
0.8017	-0.0351
0.8136	-0.0366
0.8253	-0.0378
0.8368	-0.0388
0.8480	-0.0405
0.8591	-0.0418
0.8699	-0.0428
0.8805	-0.0438
0.8909	-0.0454
0.9011	-0.0456
0.9111	-0.0446
0.9210	-0.0440
0.9307	-0.0432
0.9402	-0.0427
0.9496	-0.0422
0.9589	-0.0426
0.9680	-0.0425
0.9769	-0.0417
0.9858	-0.0419
0.9945	-0.0424
1.0032	-0.0422
1.0117	-0.0418
1.0201	-0.0418
1.0285	-0.0423
1.0367	-0.0416
1.0449	-0.0408
1.0531	-0.0400
1.0612	-0.0396
1.0692	-0.0396
1.0772	-0.0386
1.0852	-0.0371
1.0932	-0.0365
1.1011	-0.0357
1.1090	-0.0352
1.1169	-0.0353
1.1247	-0.0348
1.1326	-0.0348
1.1404	-0.0346
1.1482	-0.0342
1.1560	-0.0335
1.1638	-0.0333
1.1715	-0.0333
1.1793	-0.0341
1.1870	-0.0335
1.1947	-0.0331
1.2024	-0.0336
1.2100	-0.0339
1.2177	-0.0341
1.2253	-0.0336
1.2329	-0.0329
1.2405	-0.0318
1.2481	-0.0312
1.2556	-0.0303
1.2631	-0.0297
1.2705	-0.0293
1.2779	-0.0291
1.2853	-0.0284
1.2926	-0.0277
1.2999	-0.0269
1.3071	-0.0263
1.3142	-0.0260
1.3214	-0.0260
1.3284	-0.0264
1.3353	-0.0259
1.3423	-0.0254
1.3491	-0.0247
1.3558	-0.0245
1.3625	-0.0247
1.3692	-0.0243
1.3758	-0.0239
1.3823	-0.0234
1.3888	-0.0236
1.3953	-0.0238
1.4018	-0.0236
1.4082	-0.0234
1.4146	-0.0228
1.4210	-0.0229
1.4274	-0.0235
1.4337	-0.0232
1.4401	-0.0232
1.4465	-0.0235
1.4529	-0.0238
1.4593	-0.0236
1.4658	-0.0223
1.4723	-0.0208
1.4789	-0.0201
1.4855	-0.0182
1.4923	-0.0169
1.4991	-0.0161
1.5059	-0.0153
1.5128	-0.0135
1.5197	-0.0123
1.5266	-0.0113
1.5335	-0.0109
1.5403	-0.0108
1.5471	-0.0112
1.5537	-0.0115
1.5602	-0.0122
1.5665	-0.0123
1.5727	-0.0126
1.5787	-0.0132
1.5846	-0.0133
1.5904	-0.0138
1.5961	-0.0145
1.6018	-0.0144
1.6074	-0.0139
1.6129	-0.0137
1.6185	-0.0138
1.6241	-0.0145
1.6297	-0.0151
1.6354	-0.0146
1.6412	-0.0134
1.6471	-0.0115
1.6530	-0.0111
1.6591	-0.0101
1.6653	-0.0097
1.6716	-0.0085
1.6779	-0.0084
1.6844	-0.0087
1.6909	-0.0086
1.6974	-0.0086
1.7040	-0.0085
1.7107	-0.0080
1.7173	-0.0077
1.7240	-0.0075
1.7307	-0.0070
1.7373	-0.0069
1.7439	-0.0073
1.7505	-0.0079
1.7571	-0.0077
1.7636	-0.0079
1.7701	-0.0078
1.7765	-0.0071
1.7829	-0.0056
1.7892	-0.0048
1.7955	-0.0049
1.8017	-0.0046
1.8079	-0.0053
1.8140	-0.0053
1.8200	-0.0048
1.8260	-0.0041
1.8319	-0.0031
1.8378	-0.0026
1.8437	-0.0032
1.8495	-0.0025
1.8553	-0.0020
1.8611	-0.0018
1.8669	-0.0021
1.8727	-0.0014
1.8784	-0.0005
1.8842	-0.0005
1.8899	0.0006
1.8956	0.0011
1.9012	0.0009
1.9068	0.0014
1.9124	0.0019
1.9180	0.0019
1.9234	0.0016
1.9288	0.0013
1.9342	0.0010
1.9395	0.0011
1.9446	0.0014
1.9498	0.0012
1.9548	0.0008
1.9598	0.0015
1.9647	0.0013
1.9695	0.0016
1.9743	0.0018
1.9791	0.0021
1.9839	0.0031
1.9886	0.0029
1.9933	0.0021
1.9981	0.0022
2.0028	0.0021
2.0076	0.0023
2.0123	0.0026
2.0171	0.0026
2.0219	0.0042
2.0267	0.0057
2.0315	0.0075
2.0363	0.0087
2.0410	0.0084
2.0457	0.0087
2.0503	0.0089
2.0548	0.0088
2.0591	0.0095
2.0633	0.0101
2.0673	0.0100
2.0710	0.0097
2.0746	0.0087
2.0778	0.0074
2.0809	0.0067
2.0837	0.0062
2.0864	0.0063
2.0889	0.0071
2.0912	0.0073
2.0935	0.0066
2.0956	0.0058
2.0978	0.0050
2.0999	0.0054
2.1020	0.0062
2.1043	0.0073
2.1066	0.0075
2.1091	0.0079
2.1118	0.0084
2.1148	0.0087
2.1180	0.0096
2.1215	0.0100
2.1253	0.0108
2.1294	0.0113
2.1337	0.0121
2.1383	0.0130
2.1432	0.0131
2.1482	0.0133
2.1533	0.0129
2.1586	0.0134
2.1641	0.0149
2.1696	0.0164
2.1752	0.0162
2.1809	0.0158
2.1866	0.0158
2.1924	0.0157
2.1983	0.0157
2.2042	0.0161
2.2101	0.0172
2.2161	0.0175
2.2220	0.0166
2.2280	0.0161
2.2339	0.0153
2.2397	0.0145
2.2454	0.0137
2.2511	0.0130
2.2567	0.0127
2.2622	0.0130
2.2677	0.0138
2.2730	0.0145
2.2783	0.0146
2.2835	0.0149
2.2887	0.0145
2.2938	0.0149
2.2988	0.0159
2.3037	0.0166
2.3085	0.0177
2.3133	0.0178
2.3180	0.0169
2.3225	0.0163
2.3270	0.0160
2.3314	0.0169
2.3356	0.0166
2.3397	0.0164
2.3437	0.0165
2.3476	0.0159
2.3514	0.0159
2.3550	0.0158
2.3586	0.0156
2.3620	0.0162
2.3654	0.0171
2.3687	0.0178
2.3719	0.0192
2.3751	0.0204
2.3782	0.0214
2.3812	0.0221
2.3842	0.0223
2.3871	0.0226
2.3900	0.0239
2.3929	0.0257
2.3957	0.0268
2.3985	0.0280
2.4013	0.0290
2.4040	0.0298
2.4067	0.0297
2.4093	0.0289
2.4118	0.0281
2.4143	0.0280
2.4166	0.0280
2.4189	0.0285
2.4210	0.0288
2.4231	0.0295
2.4250	0.0303
2.4269	0.0309
2.4286	0.0322
2.4303	0.0341
2.4318	0.0358
2.4333	0.0357
2.4346	0.0357
2.4358	0.0349
2.4370	0.0343
2.4380	0.0347
2.4390	0.0349
2.4400	0.0348
2.4408	0.0348
2.4417	0.0356
2.4425	0.0357
2.4433	0.0358
2.4440	0.0359
2.4447	0.0365
2.4454	0.0365
2.4460	0.0362
2.4467	0.0371
2.4473	0.0379
2.4479	0.0386
2.4484	0.0394
2.4490	0.0398
2.4495	0.0401
2.4500	0.0408
2.4505	0.0420
2.4510	0.0438
2.4515	0.0445
2.4521	0.0441
2.4526	0.0448
2.4530	0.0454
2.4535	0.0460
2.4538	0.0458
2.4540	0.0459
2.4541	0.0465
2.4540	0.0473
2.4538	0.0483
2.4533	0.0488
2.4526	0.0496
2.4516	0.0495
2.4504	0.0493
2.4491	0.0496
2.4475	0.0502
2.4458	0.0503
2.4439	0.0505
2.4419	0.0512
2.4397	0.0515
2.4375	0.0516
2.4350	0.0512
2.4325	0.0512
2.4298	0.0517
2.4269	0.0520
2.4239	0.0528
2.4208	0.0526
2.4175	0.0530
2.4141	0.0529
2.4105	0.0531
2.4068	0.0537
2.4030	0.0546
2.3991	0.0556
2.3951	0.0559
2.3911	0.0572
2.3869	0.0583
2.3827	0.0585
2.3783	0.0588
2.3739	0.0598
2.3694	0.0603
2.3648	0.0598
2.3602	0.0592
2.3555	0.0589
2.3508	0.0590
2.3461	0.0591
2.3414	0.0592
2.3368	0.0594
2.3323	0.0614
2.3279	0.0637
2.3236	0.0659
2.3195	0.0672
2.3154	0.0680
2.3115	0.0690
2.3076	0.0703
2.3037	0.0715
2.2998	0.0729
2.2960	0.0740
2.2921	0.0743
2.2883	0.0741
2.2845	0.0747
2.2806	0.0748
2.2768	0.0744
2.2730	0.0742
2.2692	0.0747
2.2654	0.0751
2.2616	0.0754
2.2579	0.0756
2.2541	0.0766
2.2503	0.0768
2.2466	0.0760
2.2428	0.0762
2.2391	0.0769
2.2355	0.0783
2.2319	0.0795
2.2284	0.0806
2.2250	0.0819
2.2216	0.0819
2.2183	0.0830
2.2151	0.0839
2.2120	0.0848
2.2089	0.0859
2.2059	0.0867
2.2029	0.0886
2.2000	0.0897
2.1971	0.0909
2.1942	0.0919
2.1915	0.0930
2.1887	0.0941
2.1860	0.0954
2.1833	0.0954
2.1806	0.0961
2.1779	0.0965
2.1752	0.0971
2.1725	0.0973
2.1698	0.0986
2.1670	0.1004
2.1642	0.1023
2.1614	0.1030
2.1586	0.1052
2.1557	0.1077
2.1528	0.1094
2.1499	0.1112
2.1470	0.1131
2.1442	0.1143
2.1413	0.1156
2.1385	0.1166
2.1357	0.1176
2.1329	0.1195
2.1302	0.1216
2.1275	0.1228
2.1249	0.1238
2.1223	0.1249
2.1197	0.1264
2.1172	0.1284
2.1147	0.1301
2.1122	0.1320
2.1097	0.1339
2.1073	0.1355
2.1049	0.1377
2.1026	0.1396
2.1003	0.1415
2.0980	0.1438
2.0957	0.1469
2.0934	0.1499
2.0912	0.1525
2.0889	0.1551
2.0867	0.1571
2.0845	0.1598
2.0823	0.1625
2.0801	0.1656
2.0779	0.1686
2.0756	0.1719
2.0734	0.1760
2.0711	0.1794
2.0688	0.1836
2.0664	0.1875
2.0640	0.1914
2.0615	0.1959
2.0590	0.2008
2.0564	0.2055
2.0538	0.2093
2.0511	0.2141
2.0483	0.2191
2.0454	0.2229
2.0425	0.2268
2.0395	0.2313
2.0365	0.2360
2.0334	0.2413
2.0303	0.2460
2.0271	0.2517
2.0239	0.2572
2.0206	0.2626
2.0173	0.2685
2.0138	0.2753
2.0102	0.2820
2.0064	0.2887
2.0024	0.2965
1.9982	0.3035
1.9936	0.3098
1.9888	0.3168
1.9837	0.3249
1.9782	0.3331
1.9724	0.3423
1.9663	0.3509
1.9598	0.3603
1.9529	0.3693
1.9458	0.3782
1.9383	0.3870
1.9306	0.3957
1.9227	0.4051
1.9146	0.4143
1.9064	0.4247
1.8981	0.4350
1.8899	0.4444
1.8817	0.4539
1.8736	0.4635
1.8656	0.4740
1.8578	0.4840
1.8501	0.4942
1.8426	0.5036
1.8353	0.5129
1.8281	0.5220
1.8211	0.5305
1.8143	0.5383
1.8075	0.5454
1.8009	0.5515
1.7944	0.5552
1.7879	0.5587
1.7815	0.5604
1.7751	0.5605
1.7688	0.5593
1.7624	0.5569
1.7560	0.5527
1.7497	0.5473
1.7433	0.5404
1.7369	0.5313
1.7305	0.5202
1.7240	0.5065
1.7176	0.4911
1.7111	0.4744
1.7047	0.4561
1.6982	0.4361
1.6917	0.4149
1.6852	0.3907
1.6786	0.3647
1.6720	0.3380
1.6653	0.3121
1.6586	0.2859
1.6518	0.2596
1.6449	0.2325
1.6379	0.2051
1.6308	0.1766
1.6237	0.1489
1.6164	0.1222
1.6090	0.0961
1.6015	0.0706
1.5939	0.0468
1.5863	0.0244
1.5786	0.0026
1.5708	-0.0181
1.5631	-0.0368
1.5554	-0.0547
1.5477	-0.0718
1.5401	-0.0865
1.5326	-0.1005
1.5252	-0.1137
1.5179	-0.1257
1.5107	-0.1361
1.5037	-0.1445
1.4969	-0.1522
1.4902	-0.1583
1.4837	-0.1640
1.4773	-0.1691
1.4712	-0.1737
1.4651	-0.1784
1.4592	-0.1831
1.4535	-0.1868
1.4478	-0.1889
1.4422	-0.1909
1.4367	-0.1930
1.4313	-0.1951
1.4259	-0.1971
1.4204	-0.1987
1.4150	-0.2002
1.4095	-0.2014
1.4040	-0.2021
1.3985	-0.2038
1.3928	-0.2051
1.3871	-0.2068
1.3812	-0.2080
1.3752	-0.2097
1.3691	-0.2109
1.3629	-0.2115
1.3566	-0.2116
1.3502	-0.2118
1.3436	-0.2123
1.3370	-0.2133
1.3303	-0.2143
1.3236	-0.2147
1.3168	-0.2152
1.3099	-0.2156
1.3031	-0.2159
1.2961	-0.2152
1.2892	-0.2146
1.2823	-0.2142
1.2753	-0.2143
1.2683	-0.2137
1.2613	-0.2133
1.2543	-0.2127
1.2473	-0.2121
1.2403	-0.2115
1.2334	-0.2101
1.2264	-0.2099
1.2195	-0.2098
1.2126	-0.2094
1.2058	-0.2094
1.1990	-0.2096
1.1923	-0.2093
1.1856	-0.2096
1.1790	-0.2097
1.1724	-0.2089
1.1658	-0.2085
1.1593	-0.2077
1.1528	-0.2066
1.1462	-0.2059
1.1397	-0.2055
1.1331	-0.2055
1.1265	-0.2054
1.1199	-0.2054
1.1132	-0.2050
1.1065	-0.2043
1.0997	-0.2036
1.0928	-0.2035
1.0859	-0.2033
1.0790	-0.2027
1.0719	-0.2027
1.0648	-0.2022
1.0577	-0.2014
1.0505	-0.2013
1.0432	-0.2007
1.0359	-0.2006
1.0286	-0.2011
1.0212	-0.2009
1.0139	-0.2005
1.0065	-0.1999
0.9991	-0.1989
0.9917	-0.1988
0.9843	-0.1986
0.9769	-0.1979
0.9695	-0.1979
0.9621	-0.1979
0.9548	-0.1975
0.9474	-0.1972
0.9401	-0.1973
0.9328	-0.1975
0.9255	-0.1974
0.9182	-0.1965
0.9110	-0.1957
0.9037	-0.1949
0.8964	-0.1946
0.8890	-0.1939
0.8817	-0.1931
0.8744	-0.1929
0.8670	-0.1927
0.8596	-0.1921
0.8522	-0.1912
0.8447	-0.1905
0.8372	-0.1896
0.8297	-0.1887
0.8221	-0.1884
0.8145	-0.1879
0.8068	-0.1871
0.7990	-0.1877
0.7913	-0.1869
0.7834	-0.1867
0.7754	-0.1867
0.7674	-0.1861
0.7594	-0.1859
0.7512	-0.1856
0.7431	-0.1847
0.7348	-0.1836
0.7265	-0.1830
0.7182	-0.1828
0.7098	-0.1820
0.7014	-0.1811
0.6928	-0.1795
0.6843	-0.1783
0.6756	-0.1776
0.6669	-0.1775
0.6582	-0.1777
0.6493	-0.1781
0.6404	-0.1781
0.6315	-0.1774
0.6225	-0.1763
0.6134	-0.1759
0.6043	-0.1762
0.5952	-0.1769
0.5861	-0.1768
0.5770	-0.1767
0.5678	-0.1772
0.5587	-0.1763
0.5496	-0.1755
0.5405	-0.1744
0.5314	-0.1726
0.5224	-0.1705
0.5134	-0.1685
0.5044	-0.1673
0.4955	-0.1671
0.4867	-0.1664
0.4778	-0.1658
0.4690	-0.1653
0.4603	-0.1643
0.4516	-0.1636
0.4429	-0.1625
0.4343	-0.1619
0.4258	-0.1622
0.4173	-0.1628
0.4088	-0.1630
0.4004	-0.1629
0.3920	-0.1629
0.3836	-0.1624
0.3753	-0.1611
0.3671	-0.1597
0.3589	-0.1581
0.3507	-0.1569
0.3425	-0.1566
0.3344	-0.1565
0.3263	-0.1561
0.3183	-0.1551
0.3103	-0.1542
0.3023	-0.1546
0.2943	-0.1548
0.2864	-0.1548
0.2785	-0.1543
0.2706	-0.1535
0.2628	-0.1526
0.2550	-0.1516
0.2472	-0.1506
0.2395	-0.1492
0.2317	-0.1483
0.2240	-0.1473
0.2164	-0.1465
0.2087	-0.1456
0.2011	-0.1443
0.1935	-0.1435
0.1859	-0.1432
0.1784	-0.1426
0.1709	-0.1417
0.1634	-0.1419
0.1560	-0.1421
0.1485	-0.1424
0.1411	-0.1426
0.1338	-0.1428
0.1264	-0.1430
0.1191	-0.1422
0.1118	-0.1413
0.1045	-0.1399
0.0973	-0.1394
0.0901	-0.1390
0.0829	-0.1385
0.0757	-0.1383
0.0686	-0.1368
0.0615	-0.1361
0.0544	-0.1356
0.0473	-0.1352
0.0403	-0.1348
0.0333	-0.1339
0.0264	-0.1321
0.0194	-0.1310
0.0125	-0.1297
0.0056	-0.1280
-0.0013	-0.1267
-0.0082	-0.1252
-0.0151	-0.1242
-0.0220	-0.1240
-0.0288	-0.1241
-0.0357	-0.1246
-0.0426	-0.1250
-0.0495	-0.1243
-0.0563	-0.1244
-0.0632	-0.1242
-0.0700	-0.1236
-0.0769	-0.1219
-0.0837	-0.1204
-0.0905	-0.1192
-0.0974	-0.1176
-0.1041	-0.1168
-0.1110	-0.1150
-0.1178	-0.1135
-0.1246	-0.1120
-0.1313	-0.1119
-0.1382	-0.1117
-0.1450	-0.1111
-0.1518	-0.1109
-0.1585	-0.1100
-0.1653	-0.1088
-0.1722	-0.1074
-0.1790	-0.1068
-0.1858	-0.1057
-0.1926	-0.1046
-0.1994	-0.1041
-0.2062	-0.1037
-0.2130	-0.1028
-0.2198	-0.1014
-0.2267	-0.1003
-0.2335	-0.0997
-0.2403	-0.0996
-0.2471	-0.0997
-0.2540	-0.0992
-0.2608	-0.0984
-0.2676	-0.0971
-0.2745	-0.0966
-0.2813	-0.0963
-0.2882	-0.0958
-0.2951	-0.0962
-0.3020	-0.0969
-0.3089	-0.0973
-0.3159	-0.0980
-0.3229	-0.0986
-0.3299	-0.0977
-0.3370	-0.0966
-0.3441	-0.0950
-0.3513	-0.0937
-0.3585	-0.0931
-0.3658	-0.0932
-0.3732	-0.0927
-0.3807	-0.0922
-0.3883	-0.0925
-0.3961	-0.0929
-0.4039	-0.0927
-0.4119	-0.0925
-0.4201	-0.0924
-0.4284	-0.0921
-0.4369	-0.0915
-0.4455	-0.0917
-0.4542	-0.0917
-0.4631	-0.0911
-0.4722	-0.0912
-0.4814	-0.0918
-0.4908	-0.0915
-0.5005	-0.0909
-0.5104	-0.0907
-0.5205	-0.0904
-0.5309	-0.0907
-0.5417	-0.0903
-0.5527	-0.0904
-0.5640	-0.0911
-0.5756	-0.0912
-0.5876	-0.0919
-0.5998	-0.0933
-0.6122	-0.0939
-0.6249	-0.0944
-0.6377	-0.0948
-0.6507	-0.0945
-0.6637	-0.0934
-0.6768	-0.0921
-0.6899	-0.0910
-0.7031	-0.0892
-0.7162	-0.0886
-0.7292	-0.0886
-0.7422	-0.0889
-0.7552	-0.0891
-0.7680	-0.0889
-0.7806	-0.0890
-0.7931	-0.0886
-0.8054	-0.0878
-0.8174	-0.0869
-0.8293	-0.0865
-0.8409	-0.0863
-0.8523	-0.0857
-0.8635	-0.0844
-0.8745	-0.0830
-0.8852	-0.0819
-0.8958	-0.0810
-0.9061	-0.0803
-0.9163	-0.0813
-0.9262	-0.0822
-0.9360	-0.0828
-0.9456	-0.0831
-0.9551	-0.0843
-0.9645	-0.0853
-0.9737	-0.0852
-0.9827	-0.0844
-0.9917	-0.0832
-1.0005	-0.0820
-1.0093	-0.0811
-1.0179	-0.0810
-1.0264	-0.0809
-1.0348	-0.0804
-1.0432	-0.0806
-1.0515	-0.0803
-1.0596	-0.0805
-1.0678	-0.0806
-1.0759	-0.0810
-1.0839	-0.0820
-1.0919	-0.0822
-1.0999	-0.0815
-1.1078	-0.0817
-1.1157	-0.0819
-1.1236	-0.0823
-1.1314	-0.0826
-1.1392	-0.0822
-1.1470	-0.0815
-1.1548	-0.0812
-1.1625	-0.0817
-1.1703	-0.0816
-1.1780	-0.0810
-1.1858	-0.0799
-1.1935	-0.0798
-1.2012	-0.0797
-1.2089	-0.0794
-1.2166	-0.0796
-1.2243	-0.0795
-1.2319	-0.0798
-1.2396	-0.0793
-1.2471	-0.0788
-1.2547	-0.0791
-1.2621	-0.0785
-1.2696	-0.0774
-1.2769	-0.0770
-1.2843	-0.0767
-1.2915	-0.0766
-1.2987	-0.0767
-1.3059	-0.0776
-1.3130	-0.0778
-1.3200	-0.0779
-1.3270	-0.0778
-1.3340	-0.0781
-1.3409	-0.0773
-1.3477	-0.0765
-1.3545	-0.0756
-1.3612	-0.0751
-1.3678	-0.0745
-1.3744	-0.0737
-1.3810	-0.0723
-1.3875	-0.0717
-1.3940	-0.0718
-1.4005	-0.0721
-1.4069	-0.0718
-1.4133	-0.0716
-1.4197	-0.0713
-1.4260	-0.0701
-1.4323	-0.0691
-1.4386	-0.0688
-1.4448	-0.0690
-1.4511	-0.0697
-1.4573	-0.0702
-1.4635	-0.0708
-1.4697	-0.0702
-1.4759	-0.0699
-1.4822	-0.0698
-1.4885	-0.0703
-1.4948	-0.0699
-1.5011	-0.0695
-1.5076	-0.0691
-1.5140	-0.0687
-1.5206	-0.0674
-1.5272	-0.0680
-1.5338	-0.0679
-1.5405	-0.0678
-1.5472	-0.0673
-1.5540	-0.0672
-1.5607	-0.0671
-1.5674	-0.0667
-1.5740	-0.0656
-1.5806	-0.0648
-1.5870	-0.0642
-1.5934	-0.0636
-1.5997	-0.0630
-1.6059	-0.0627
-1.6119	-0.0620
-1.6179	-0.0611
-1.6238	-0.0609
-1.6296	-0.0608
-1.6354	-0.0597
-1.6411	-0.0590
-1.6469	-0.0594
-1.6526	-0.0588
-1.6583	-0.0580
-1.6641	-0.0574
-1.6699	-0.0580
-1.6758	-0.0588
-1.6817	-0.0598
-1.6877	-0.0599
-1.6937	-0.0606
-1.6998	-0.0606
-1.7060	-0.0605
-1.7123	-0.0598
-1.7186	-0.0592
-1.7249	-0.0591
-1.7313	-0.0595
-1.7378	-0.0599
-1.7443	-0.0603
-1.7508	-0.0601
-1.7573	-0.0600
-1.7639	-0.0588
-1.7704	-0.0576
-1.7768	-0.0567
-1.7833	-0.0564
-1.7896	-0.0566
-1.7960	-0.0569
-1.8022	-0.0561
-1.8084	-0.0549
-1.8146	-0.0539
-1.8207	-0.0536
-1.8267	-0.0526
-1.8327	-0.0518
-1.8387	-0.0516
-1.8446	-0.0519
-1.8505	-0.0517
-1.8564	-0.0512
-1.8623	-0.0511
-1.8681	-0.0514
-1.8740	-0.0515
-1.8798	-0.0521
-1.8856	-0.0523
-1.8913	-0.0518
-1.8970	-0.0513
-1.9027	-0.0514
-1.9083	-0.0511
-1.9138	-0.0513
-1.9193	-0.0521
-1.9247	-0.0520
-1.9300	-0.0514
-1.9353	-0.0511
-1.9404	-0.0509
-1.9455	-0.0506
-1.9506	-0.0497
-1.9555	-0.0494
-1.9604	-0.0488
-1.9652	-0.0490
-1.9700	-0.0496
-1.9747	-0.0508
-1.9794	-0.0516
-1.9841	-0.0517
-1.9887	-0.0509
-1.9934	-0.0512
-1.9980	-0.0520
-2.0027	-0.0532
-2.0074	-0.0534
-2.0122	-0.0531
-2.0169	-0.0520
-2.0217	-0.0518
-2.0265	-0.0515
-2.0313	-0.0522
-2.0362	-0.0519
-2.0410	-0.0514
-2.0458	-0.0513
-2.0505	-0.0523
-2.0551	-0.0527
-2.0597	-0.0532
-2.0641	-0.0529
-2.0683	-0.0528
-2.0724	-0.0528
-2.0762	-0.0521
-2.0798	-0.0514
-2.0832	-0.0510
-2.0863	-0.0510
-2.0892	-0.0508
-2.0919	-0.0511
-2.0944	-0.0511
-2.0967	-0.0508
-2.0989	-0.0512
-2.1009	-0.0508
-2.1029	-0.0498
-2.1049	-0.0493
-2.1068	-0.0491
-2.1088	-0.0482
-2.1109	-0.0484
-2.1131	-0.0491
-2.1156	-0.0495
-2.1184	-0.0505
-2.1214	-0.0520
-2.1247	-0.0530
-2.1285	-0.0543
-2.1325	-0.0554
-2.1368	-0.0567
-2.1414	-0.0577
-2.1464	-0.0591
-2.1515	-0.0597
-2.1568	-0.0593
-2.1624	-0.0585
-2.1680	-0.0589
-2.1737	-0.0593
-2.1796	-0.0597
-2.1854	-0.0597
-2.1913	-0.0591
-2.1972	-0.0581
-2.2031	-0.0567
-2.2091	-0.0559
-2.2150	-0.0555
-2.2209	-0.0562
-2.2268	-0.0568
-2.2327	-0.0565
-2.2385	-0.0562
-2.2444	-0.0560
-2.2501	-0.0541
-2.2559	-0.0536
-2.2615	-0.0529
-2.2671	-0.0526
-2.2727	-0.0529
-2.2781	-0.0528
-2.2834	-0.0523
-2.2887	-0.0517
-2.2938	-0.0515
-2.2988	-0.0512
-2.3037	-0.0514
-2.3085	-0.0516
-2.3132	-0.0520
-2.3178	-0.0510
-2.3223	-0.0506
-2.3267	-0.0499
-2.3310	-0.0489
-2.3351	-0.0488
-2.3392	-0.0491
-2.3432	-0.0492
-2.3472	-0.0497
-2.3510	-0.0506
-2.3547	-0.0513
-2.3584	-0.0514
-2.3619	-0.0505
-2.3654	-0.0500
-2.3688	-0.0502
-2.3721	-0.0504
-2.3753	-0.0507
-2.3784	-0.0512
-2.3815	-0.0517
-2.3846	-0.0521
-2.3875	-0.0520
-2.3905	-0.0524
-2.3934	-0.0529
-2.3963	-0.0541
-2.3992	-0.0550
-2.4020	-0.0568
-2.4048	-0.0581
-2.4076	-0.0588
-2.4103	-0.0590
-2.4129	-0.0589
-2.4154	-0.0594
-2.4179	-0.0598
-2.4202	-0.0600
-2.4225	-0.0598
-2.4246	-0.0600
-2.4267	-0.0599
-2.4287	-0.0599
-2.4305	-0.0595
-2.4323	-0.0588
-2.4339	-0.0584
-2.4354	-0.0576
-2.4369	-0.0568
-2.4382	-0.0562
-2.4394	-0.0569
-2.4406	-0.0575
-2.4416	-0.0585
-2.4426	-0.0599
-2.4436	-0.0614
-2.4445	-0.0614
-2.4453	-0.0611
-2.4461	-0.0600
-2.4469	-0.0595
-2.4476	-0.0586
-2.4483	-0.0579
-2.4490	-0.0578
-2.4497	-0.0581
-2.4503	-0.0583
-2.4510	-0.0588
-2.4516	-0.0591
-2.4522	-0.0598
-2.4528	-0.0603
-2.4535	-0.0593
-2.4541	-0.0588
-2.4547	-0.0588
-2.4553	-0.0584
-2.4559	-0.0595
-2.4564	-0.0595
-2.4570	-0.0598
-2.4575	-0.0596
-2.4579	-0.0602
-2.4583	-0.0605
-2.4585	-0.0606
-2.4586	-0.0604
-2.4586	-0.0597
-2.4583	-0.0588
-2.4579	-0.0577
-2.4573	-0.0569
-2.4564	-0.0569
-2.4553	-0.0566
-2.4540	-0.0552
-2.4525	-0.0538
-2.4509	-0.0529
-2.4490	-0.0525
-2.4469	-0.0528
-2.4447	-0.0529
-2.4422	-0.0520
-2.4397	-0.0517
-2.4369	-0.0514
-2.4340	-0.0512
-2.4310	-0.0527
-2.4278	-0.0533
-2.4245	-0.0543
-2.4211	-0.0549
-2.4176	-0.0557
-2.4139	-0.0560
-2.4102	-0.0557
-2.4064	-0.0557
-2.4025	-0.0552
-2.3984	-0.0548
-2.3944	-0.0537
-2.3902	-0.0534
-2.3860	-0.0538
-2.3816	-0.0544
-2.3772	-0.0541
-2.3726	-0.0540
-2.3680	-0.0540
-2.3632	-0.0540
-2.3585	-0.0532
-2.3537	-0.0523
-2.3488	-0.0524
-2.3440	-0.0528
-2.3393	-0.0528
-2.3347	-0.0531
-2.3302	-0.0530
-2.3258	-0.0532
-2.3216	-0.0547
-2.3174	-0.0557
-2.3134	-0.0562
-2.3094	-0.0566
-2.3054	-0.0560
-2.3015	-0.0549
-2.2976	-0.0549
-2.2936	-0.0544
-2.2897	-0.0538
-2.2857	-0.0532
-2.2817	-0.0518
-2.2778	-0.0507
-2.2738	-0.0502
-2.2699	-0.0496
-2.2659	-0.0497
-2.2620	-0.0502
-2.2581	-0.0502
-2.2542	-0.0505
-2.2503	-0.0504
-2.2465	-0.0501
-2.2427	-0.0501
-2.2390	-0.0502
-2.2352	-0.0499
-2.2316	-0.0503
-2.2280	-0.0515
-2.2245	-0.0526
-2.2211	-0.0533
-2.2178	-0.0532
-2.2145	-0.0527
-2.2112	-0.0518
-2.2080	-0.0512
-2.2049	-0.0512
-2.2017	-0.0510
-2.1986	-0.0510
-2.1954	-0.0508
-2.1923	-0.0501
-2.1893	-0.0490
-2.1862	-0.0485
-2.1832	-0.0481
-2.1802	-0.0470
-2.1772	-0.0459
-2.1742	-0.0457
-2.1713	-0.0455
-2.1685	-0.0446
-2.1656	-0.0428
-2.1629	-0.0407
-2.1601	-0.0396
-2.1574	-0.0383
-2.1546	-0.0370
-2.1519	-0.0361
-2.1491	-0.0350
-2.1464	-0.0340
-2.1436	-0.0325
-2.1408	-0.0306
-2.1379	-0.0276
-2.1350	-0.0245
-2.1321	-0.0213
-2.1292	-0.0188
-2.1263	-0.0151
-2.1235	-0.0118
-2.1206	-0.0083
-2.1178	-0.0054
-2.1150	-0.0019
-2.1122	0.0014
-2.1095	0.0042
-2.1068	0.0067
-2.1041	0.0104
-2.1015	0.0157
-2.0989	0.0208
-2.0963	0.0260
-2.0937	0.0320
-2.0912	0.0385
-2.0886	0.0453
-2.0861	0.0530
-2.0836	0.0619
-2.0811	0.0715
-2.0785	0.0813
-2.0760	0.0908
-2.0734	0.1013
-2.0708	0.1136
-2.0682	0.1266
-2.0655	0.1405
-2.0627	0.1546
-2.0599	0.1691
-2.0570	0.1844
-2.0541	0.2009
-2.0510	0.2175
-2.0479	0.2359
-2.0448	0.2556
-2.0415	0.2755
-2.0381	0.2959
-2.0347	0.3167
-2.0312	0.3376
-2.0276	0.3596
-2.0239	0.3829
-2.0201	0.4065
-2.0162	0.4299
-2.0123	0.4531
-2.0081	0.4768
-2.0039	0.5002
-1.9995	0.5223
-1.9950	0.5431
-1.9903	0.5637
-1.9855	0.5842
-1.9804	0.6037
-1.9751	0.6229
-1.9695	0.6403
-1.9636	0.6559
-1.9575	0.6698
-1.9510	0.6807
-1.9443	0.6897
-1.9373	0.6952
-1.9301	0.6980
-1.9226	0.6982
-1.9148	0.6956
-1.9068	0.6910
-1.8987	0.6831
-1.8903	0.6727
-1.8818	0.6597
-1.8732	0.6459
-1.8645	0.6308
-1.8558	0.6136
-1.8472	0.5956
-1.8386	0.5757
-1.8302	0.5552
-1.8219	0.5341
-1.8138	0.5138
-1.8058	0.4931
-1.7981	0.4729
-1.7906	0.4537
-1.7832	0.4344
-1.7761	0.4160
-1.7690	0.3980
-1.7622	0.3816
-1.7555	0.3665
-1.7488	0.3526
-1.7423	0.3383
-1.7358	0.3244
-1.7294	0.3103
-1.7230	0.2979
-1.7167	0.2870
-1.7104	0.2769
-1.7041	0.2674
-1.6978	0.2591
-1.6916	0.2501
-1.6854	0.2420
-1.6793	0.2343
-1.6732	0.2262
-1.6671	0.2189
-1.6611	0.2119
-1.6551	0.2057
-1.6492	0.2006
-1.6433	0.1950
-1.6374	0.1896
-1.6315	0.1848
-1.6256	0.1803
-1.6197	0.1754
-1.6137	0.1714
-1.6077	0.1658
-1.6016	0.1609
-1.5956	0.1555
-1.5894	0.1507
-1.5832	0.1462
-1.5770	0.1422
-1.5707	0.1375
-1.5645	0.1331
-1.5582	0.1282
-1.5519	0.1238
-1.5456	0.1194
-1.5393	0.1163
-1.5330	0.1127
-1.5267	0.1085
-1.5204	0.1050
-1.5142	0.1024
-1.5080	0.0994
-1.5019	0.0951
-1.4958	0.0914
-1.4898	0.0883
-1.4838	0.0854
-1.4779	0.0823
-1.4721	0.0796
-1.4664	0.0770
-1.4607	0.0751
-1.4552	0.0731
-1.4497	0.0709
-1.4443	0.0687
-1.4390	0.0659
-1.4338	0.0631
-1.4286	0.0603
-1.4235	0.0576
-1.4185	0.0561
-1.4135	0.0544
-1.4085	0.0522
-1.4036	0.0506
-1.3986	0.0491
-1.3937	0.0474
-1.3887	0.0454
-1.3837	0.0439
-1.3785	0.0428
-1.3734	0.0417
-1.3681	0.0411
-1.3628	0.0407
-1.3573	0.0387
-1.3518	0.0357
-1.3461	0.0329
-1.3404	0.0306
-1.3345	0.0289
-1.3286	0.0271
-1.3226	0.0260
-1.3165	0.0240
-1.3102	0.0226
-1.3039	0.0214
-1.2976	0.0201
-1.2911	0.0189
-1.2847	0.0180
-1.2781	0.0171
-1.2715	0.0161
-1.2649	0.0143
-1.2583	0.0125
-1.2517	0.0110
-1.2451	0.0097
-1.2385	0.0085
-1.2319	0.0072
-1.2253	0.0062
-1.2187	0.0041
-1.2122	0.0023
-1.2057	-0.0008
-1.1992	-0.0031
-1.1928	-0.0049
-1.1864	-0.0059
-1.1800	-0.0067
-1.1735	-0.0079
-1.1671	-0.0086
-1.1606	-0.0101
-1.1541	-0.0117
-1.1476	-0.0134
-1.1411	-0.0148
