-1.2201	0.0343
-1.2087	0.0280
-1.1976	0.0329
-1.1866	0.0389
-1.1757	0.0449
-1.1649	0.0513
-1.1543	0.0580
-1.1438	0.0651
-1.1333	0.0729
-1.1230	0.0813
-1.1127	0.0892
-1.1026	0.0975
-1.0926	0.1058
-1.0826	0.1152
-1.0728	0.1250
-1.0630	0.1353
-1.0534	0.1460
-1.0438	0.1579
-1.0343	0.1712
-1.0250	0.1853
-1.0157	0.2001
-1.0064	0.2143
-0.9973	0.2288
-0.9882	0.2431
-0.9792	0.2586
-0.9703	0.2752
-0.9614	0.2928
-0.9525	0.3106
-0.9437	0.3301
-0.9349	0.3503
-0.9261	0.3712
-0.9172	0.3933
-0.9084	0.4158
-0.8995	0.4379
-0.8907	0.4605
-0.8817	0.4834
-0.8728	0.5058
-0.8638	0.5282
-0.8548	0.5517
-0.8457	0.5750
-0.8366	0.5979
-0.8274	0.6204
-0.8182	0.6419
-0.8089	0.6628
-0.7996	0.6823
-0.7902	0.7007
-0.7808	0.7178
-0.7713	0.7341
-0.7618	0.7478
-0.7524	0.7594
-0.7428	0.7690
-0.7334	0.7760
-0.7239	0.7816
-0.7144	0.7845
-0.7049	0.7863
-0.6955	0.7860
-0.6861	0.7836
-0.6767	0.7793
-0.6673	0.7725
-0.6580	0.7638
-0.6486	0.7531
-0.6393	0.7411
-0.6300	0.7270
-0.6208	0.7114
-0.6115	0.6946
-0.6023	0.6765
-0.5931	0.6582
-0.5840	0.6391
-0.5748	0.6191
-0.5658	0.5995
-0.5567	0.5792
-0.5477	0.5593
-0.5388	0.5396
-0.5299	0.5207
-0.5211	0.5028
-0.5124	0.4859
-0.5037	0.4692
-0.4950	0.4530
-0.4864	0.4381
-0.4779	0.4237
-0.4694	0.4108
-0.4609	0.3982
-0.4526	0.3859
-0.4443	0.3741
-0.4360	0.3630
-0.4278	0.3534
-0.4196	0.3444
-0.4115	0.3346
-0.4035	0.3261
-0.3955	0.3177
-0.3875	0.3098
-0.3796	0.3014
-0.3718	0.2934
-0.3640	0.2862
-0.3562	0.2786
-0.3484	0.2718
-0.3407	0.2658
-0.3330	0.2600
-0.3254	0.2542
-0.3177	0.2492
-0.3102	0.2444
-0.3026	0.2388
-0.2950	0.2336
-0.2875	0.2294
-0.2800	0.2244
-0.2726	0.2194
-0.2651	0.2149
-0.2577	0.2100
-0.2503	0.2056
-0.2429	0.2010
-0.2356	0.1964
-0.2282	0.1924
-0.2209	0.1885
-0.2136	0.1847
-0.2063	0.1809
-0.1991	0.1771
-0.1918	0.1733
-0.1846	0.1701
-0.1774	0.1666
-0.1702	0.1628
-0.1631	0.1594
-0.1559	0.1559
-0.1488	0.1527
-0.1417	0.1492
-0.1346	0.1465
-0.1275	0.1431
-0.1204	0.1400
-0.1133	0.1367
-0.1063	0.1339
-0.0993	0.1309
-0.0923	0.1276
-0.0853	0.1247
-0.0783	0.1223
-0.0714	0.1200
-0.0644	0.1184
-0.0575	0.1168
-0.0506	0.1152
-0.0437	0.1136
-0.0368	0.1114
-0.0299	0.1084
-0.0230	0.1057
-0.0162	0.1036
-0.0093	0.1014
-0.0025	0.0998
0.0044	0.0983
0.0112	0.0965
0.0181	0.0959
0.0249	0.0942
0.0318	0.0920
0.0386	0.0897
0.0455	0.0880
0.0523	0.0865
0.0591	0.0849
0.0660	0.0835
0.0728	0.0822
0.0797	0.0810
0.0865	0.0794
0.0934	0.0779
0.1002	0.0765
0.1070	0.0747
0.1139	0.0726
0.1207	0.0705
0.1276	0.0691
0.1344	0.0681
0.1412	0.0674
0.1481	0.0665
0.1549	0.0650
0.1618	0.0646
0.1687	0.0640
0.1755	0.0635
0.1824	0.0623
0.1893	0.0616
0.1962	0.0606
0.2031	0.0597
0.2099	0.0586
0.2168	0.0571
0.2237	0.0558
0.2306	0.0543
0.2375	0.0528
0.2444	0.0520
0.2513	0.0507
0.2582	0.0492
0.2652	0.0481
0.2721	0.0474
0.2790	0.0468
0.2860	0.0458
0.2930	0.0446
0.3000	0.0434
0.3071	0.0422
0.3141	0.0418
0.3213	0.0416
0.3284	0.0411
0.3357	0.0405
0.3430	0.0404
0.3504	0.0401
0.3578	0.0387
0.3654	0.0368
0.3731	0.0355
0.3809	0.0345
0.3888	0.0345
0.3968	0.0351
0.4050	0.0352
0.4133	0.0340
0.4218	0.0341
0.4305	0.0341
0.4392	0.0341
0.4482	0.0336
0.4573	0.0341
0.4666	0.0344
0.4760	0.0344
0.4857	0.0343
0.4956	0.0334
0.5058	0.0326
0.5162	0.0323
0.5269	0.0324
0.5379	0.0337
0.5491	0.0347
0.5606	0.0359
0.5724	0.0369
0.5844	0.0369
0.5967	0.0365
0.6092	0.0360
0.6218	0.0356
0.6345	0.0346
0.6474	0.0340
0.6603	0.0330
0.6732	0.0320
0.6862	0.0308
0.6992	0.0299
0.7122	0.0290
0.7251	0.0280
0.7379	0.0264
0.7506	0.0246
0.7632	0.0233
0.7756	0.0227
0.7879	0.0216
0.8000	0.0203
0.8118	0.0192
0.8235	0.0179
0.8350	0.0160
0.8463	0.0141
0.8574	0.0128
0.8682	0.0113
0.8789	0.0096
0.8893	0.0079
0.8996	0.0072
0.9097	0.0068
0.9196	0.0057
0.9293	0.0054
0.9389	0.0053
0.9483	0.0049
0.9576	0.0050
0.9667	0.0047
0.9757	0.0047
0.9846	0.0048
0.9934	0.0045
1.0020	0.0046
1.0105	0.0047
1.0190	0.0048
1.0273	0.0049
1.0356	0.0045
1.0438	0.0043
1.0519	0.0038
1.0599	0.0033
1.0679	0.0041
1.0759	0.0042
1.0838	0.0034
1.0917	0.0032
1.0995	0.0039
1.1074	0.0045
1.1152	0.0051
1.1230	0.0058
1.1308	0.0070
1.1385	0.0076
1.1462	0.0076
1.1539	0.0082
1.1616	0.0090
1.1693	0.0085
1.1769	0.0078
1.1846	0.0068
1.1922	0.0060
1.1998	0.0056
1.2073	0.0052
1.2149	0.0052
1.2224	0.0050
1.2299	0.0064
1.2374	0.0068
1.2449	0.0071
1.2523	0.0069
1.2597	0.0073
1.2671	0.0081
1.2745	0.0075
1.2819	0.0070
1.2892	0.0074
1.2965	0.0079
1.3038	0.0080
1.3110	0.0080
1.3182	0.0078
1.3254	0.0080
1.3325	0.0078
1.3395	0.0074
1.3465	0.0076
1.3534	0.0078
1.3602	0.0077
1.3670	0.0068
1.3737	0.0065
1.3803	0.0061
1.3869	0.0057
1.3934	0.0055
1.3999	0.0056
1.4063	0.0056
1.4127	0.0061
1.4191	0.0054
1.4255	0.0047
1.4319	0.0041
1.4383	0.0038
1.4446	0.0044
1.4510	0.0046
1.4574	0.0050
1.4639	0.0052
1.4704	0.0054
1.4769	0.0056
1.4835	0.0066
1.4902	0.0080
1.4969	0.0093
1.5037	0.0103
1.5105	0.0111
1.5174	0.0111
1.5243	0.0119
1.5312	0.0129
1.5381	0.0138
1.5449	0.0146
1.5517	0.0143
1.5584	0.0137
1.5650	0.0129
1.5715	0.0120
1.5778	0.0111
1.5840	0.0112
1.5901	0.0110
1.5961	0.0105
1.6020	0.0110
1.6078	0.0115
1.6136	0.0114
1.6193	0.0117
1.6250	0.0129
1.6308	0.0138
1.6366	0.0144
1.6424	0.0157
1.6484	0.0170
1.6544	0.0181
1.6604	0.0185
1.6666	0.0187
1.6728	0.0195
1.6791	0.0195
1.6855	0.0193
1.6919	0.0196
1.6984	0.0198
1.7049	0.0201
1.7115	0.0213
1.7180	0.0228
1.7246	0.0236
1.7312	0.0240
1.7377	0.0237
1.7442	0.0242
1.7507	0.0242
1.7572	0.0246
1.7636	0.0249
1.7699	0.0254
1.7763	0.0258
1.7825	0.0264
1.7887	0.0270
1.7948	0.0275
1.8009	0.0281
1.8070	0.0286
1.8129	0.0283
1.8188	0.0284
1.8247	0.0296
1.8304	0.0298
1.8362	0.0294
1.8419	0.0284
1.8476	0.0277
1.8532	0.0283
1.8588	0.0294
1.8644	0.0296
1.8700	0.0293
1.8756	0.0302
1.8812	0.0318
1.8868	0.0324
1.8923	0.0332
1.8978	0.0341
1.9033	0.0345
1.9088	0.0346
1.9142	0.0345
1.9196	0.0354
1.9249	0.0351
1.9301	0.0348
1.9353	0.0340
1.9404	0.0345
1.9454	0.0349
1.9504	0.0358
1.9553	0.0372
1.9601	0.0382
1.9649	0.0396
1.9696	0.0406
1.9743	0.0415
1.9790	0.0421
1.9836	0.0434
1.9883	0.0443
1.9929	0.0455
1.9976	0.0462
2.0022	0.0471
2.0069	0.0485
2.0116	0.0493
2.0163	0.0495
2.0210	0.0493
2.0257	0.0489
2.0304	0.0491
2.0351	0.0497
2.0397	0.0509
2.0444	0.0515
2.0489	0.0523
2.0533	0.0533
2.0576	0.0536
2.0618	0.0535
2.0658	0.0538
2.0696	0.0541
2.0732	0.0548
2.0766	0.0549
2.0798	0.0549
2.0828	0.0557
2.0855	0.0567
2.0881	0.0575
2.0906	0.0580
2.0930	0.0594
2.0952	0.0605
2.0974	0.0614
2.0996	0.0618
2.1017	0.0626
2.1039	0.0635
2.1062	0.0649
2.1086	0.0661
2.1111	0.0669
2.1139	0.0691
2.1169	0.0710
2.1201	0.0727
2.1236	0.0744
2.1274	0.0761
2.1314	0.0777
2.1358	0.0793
2.1403	0.0804
2.1451	0.0818
2.1501	0.0829
2.1553	0.0843
2.1606	0.0850
2.1661	0.0862
2.1717	0.0876
2.1773	0.0888
2.1831	0.0900
2.1889	0.0903
2.1947	0.0908
2.2007	0.0920
2.2066	0.0934
2.2126	0.0957
2.2186	0.0972
2.2246	0.0980
2.2306	0.0993
2.2366	0.1004
2.2425	0.1012
2.2484	0.1023
2.2542	0.1043
2.2601	0.1062
2.2659	0.1075
2.2716	0.1091
2.2774	0.1105
2.2831	0.1121
2.2888	0.1136
2.2945	0.1159
2.3002	0.1181
2.3058	0.1202
2.3114	0.1223
2.3169	0.1245
2.3224	0.1275
2.3277	0.1300
2.3330	0.1320
2.3382	0.1333
2.3432	0.1346
2.3481	0.1374
2.3528	0.1398
2.3575	0.1428
2.3619	0.1463
2.3663	0.1495
2.3704	0.1525
2.3745	0.1557
2.3784	0.1599
2.3822	0.1641
2.3858	0.1682
2.3894	0.1718
2.3928	0.1755
2.3961	0.1799
2.3994	0.1840
2.4026	0.1879
2.4057	0.1913
2.4088	0.1950
2.4117	0.1993
2.4147	0.2045
2.4176	0.2096
2.4204	0.2146
2.4232	0.2193
2.4259	0.2247
2.4286	0.2295
2.4312	0.2340
2.4337	0.2392
2.4362	0.2438
2.4385	0.2487
2.4408	0.2543
2.4430	0.2606
2.4451	0.2673
2.4470	0.2737
2.4490	0.2808
2.4507	0.2883
2.4524	0.2961
2.4541	0.3042
2.4556	0.3115
2.4570	0.3183
2.4583	0.3251
2.4595	0.3322
2.4607	0.3398
2.4618	0.3477
2.4629	0.3554
2.4638	0.3636
2.4647	0.3717
2.4656	0.3808
2.4664	0.3903
2.4672	0.4004
2.4680	0.4099
2.4687	0.4187
2.4694	0.4272
2.4701	0.4355
2.4708	0.4441
2.4714	0.4528
2.4721	0.4613
2.4727	0.4695
2.4733	0.4783
2.4739	0.4872
2.4745	0.4952
2.4751	0.5031
2.4756	0.5106
2.4761	0.5179
2.4766	0.5244
2.4770	0.5299
2.4772	0.5352
2.4774	0.5402
2.4774	0.5441
2.4773	0.5465
2.4769	0.5478
2.4763	0.5473
2.4756	0.5460
2.4745	0.5430
2.4733	0.5389
2.4718	0.5326
2.4701	0.5257
2.4682	0.5176
2.4661	0.5080
2.4638	0.4972
2.4613	0.4843
2.4585	0.4695
2.4557	0.4532
2.4526	0.4355
2.4493	0.4160
2.4459	0.3958
2.4423	0.3746
2.4386	0.3531
2.4347	0.3301
2.4307	0.3066
2.4265	0.2819
2.4222	0.2562
2.4177	0.2300
2.4132	0.2044
2.4085	0.1786
2.4037	0.1534
2.3987	0.1287
2.3937	0.1044
2.3885	0.0814
2.3832	0.0582
2.3778	0.0353
2.3722	0.0134
2.3666	-0.0069
2.3610	-0.0264
2.3553	-0.0449
2.3496	-0.0623
2.3439	-0.0786
2.3383	-0.0942
2.3329	-0.1087
2.3275	-0.1228
2.3222	-0.1355
2.3171	-0.1469
2.3122	-0.1572
2.3073	-0.1669
2.3025	-0.1761
2.2978	-0.1842
2.2932	-0.1922
2.2886	-0.1993
2.2841	-0.2056
2.2797	-0.2119
2.2752	-0.2181
2.2709	-0.2238
2.2665	-0.2289
2.2622	-0.2336
2.2580	-0.2368
2.2538	-0.2393
2.2497	-0.2417
2.2456	-0.2436
2.2416	-0.2457
2.2376	-0.2476
2.2337	-0.2488
2.2298	-0.2501
2.2261	-0.2513
2.2224	-0.2521
2.2188	-0.2532
2.2153	-0.2538
2.2119	-0.2541
2.2086	-0.2547
2.2054	-0.2550
2.2022	-0.2552
2.1991	-0.2559
2.1960	-0.2565
2.1930	-0.2576
2.1900	-0.2576
2.1870	-0.2573
2.1841	-0.2572
2.1813	-0.2571
2.1784	-0.2565
2.1757	-0.2555
2.1729	-0.2542
2.1702	-0.2530
2.1675	-0.2528
2.1648	-0.2526
2.1621	-0.2524
2.1593	-0.2519
2.1566	-0.2514
2.1539	-0.2507
2.1511	-0.2505
2.1483	-0.2501
2.1456	-0.2494
2.1428	-0.2485
2.1400	-0.2480
2.1372	-0.2478
2.1344	-0.2467
2.1316	-0.2453
2.1288	-0.2445
2.1260	-0.2445
2.1233	-0.2445
2.1205	-0.2447
2.1178	-0.2434
2.1151	-0.2419
2.1124	-0.2403
2.1097	-0.2395
2.1070	-0.2397
2.1044	-0.2391
2.1017	-0.2380
2.0991	-0.2376
2.0965	-0.2373
2.0939	-0.2369
2.0913	-0.2362
2.0887	-0.2351
2.0861	-0.2341
2.0835	-0.2332
2.0809	-0.2330
2.0783	-0.2333
2.0757	-0.2328
2.0731	-0.2318
2.0705	-0.2314
2.0679	-0.2299
2.0653	-0.2288
2.0626	-0.2276
2.0600	-0.2263
2.0573	-0.2246
2.0545	-0.2239
2.0517	-0.2231
2.0489	-0.2217
2.0460	-0.2210
2.0430	-0.2201
2.0400	-0.2195
2.0369	-0.2192
2.0337	-0.2189
2.0304	-0.2190
2.0271	-0.2193
2.0237	-0.2188
2.0202	-0.2186
2.0167	-0.2185
2.0132	-0.2176
2.0096	-0.2166
2.0059	-0.2146
2.0022	-0.2128
1.9985	-0.2114
1.9947	-0.2103
1.9909	-0.2092
1.9869	-0.2081
1.9828	-0.2074
1.9786	-0.2072
1.9741	-0.2073
1.9695	-0.2077
1.9646	-0.2070
1.9594	-0.2058
1.9539	-0.2044
1.9481	-0.2032
1.9420	-0.2023
1.9356	-0.2023
1.9288	-0.2024
1.9217	-0.2023
1.9142	-0.2019
1.9064	-0.2019
1.8984	-0.2007
1.8901	-0.1992
1.8816	-0.1995
1.8729	-0.1995
1.8641	-0.2009
1.8552	-0.2017
1.8464	-0.2018
1.8376	-0.2011
1.8288	-0.2004
1.8202	-0.1996
1.8117	-0.1982
1.8034	-0.1971
1.7952	-0.1958
1.7872	-0.1949
1.7795	-0.1930
1.7718	-0.1907
1.7644	-0.1888
1.7571	-0.1874
1.7499	-0.1863
1.7429	-0.1852
1.7359	-0.1839
1.7291	-0.1838
1.7223	-0.1831
1.7155	-0.1833
1.7089	-0.1836
1.7023	-0.1836
1.6957	-0.1833
1.6892	-0.1825
1.6827	-0.1815
1.6763	-0.1810
1.6700	-0.1809
1.6637	-0.1812
1.6575	-0.1817
1.6513	-0.1818
1.6452	-0.1819
1.6392	-0.1812
1.6332	-0.1807
1.6272	-0.1797
1.6213	-0.1788
1.6154	-0.1779
1.6096	-0.1772
1.6037	-0.1765
1.5978	-0.1762
1.5918	-0.1753
1.5859	-0.1740
1.5799	-0.1734
1.5738	-0.1725
1.5677	-0.1722
1.5616	-0.1717
1.5554	-0.1715
1.5492	-0.1711
1.5430	-0.1703
1.5368	-0.1698
1.5306	-0.1693
1.5245	-0.1685
1.5184	-0.1678
1.5123	-0.1670
1.5063	-0.1663
1.5004	-0.1651
1.4946	-0.1643
1.4889	-0.1636
1.4833	-0.1625
1.4778	-0.1611
1.4725	-0.1600
1.4672	-0.1592
1.4620	-0.1584
1.4569	-0.1576
1.4519	-0.1563
1.4469	-0.1551
1.4420	-0.1539
1.4371	-0.1534
1.4322	-0.1527
1.4274	-0.1527
1.4225	-0.1530
1.4175	-0.1532
1.4125	-0.1535
1.4075	-0.1537
1.4024	-0.1542
1.3971	-0.1544
1.3918	-0.1553
1.3864	-0.1563
1.3808	-0.1569
1.3751	-0.1567
1.3694	-0.1556
1.3634	-0.1553
1.3574	-0.1548
1.3513	-0.1542
1.3450	-0.1534
1.3387	-0.1525
1.3322	-0.1516
1.3257	-0.1509
1.3191	-0.1511
1.3125	-0.1505
1.3058	-0.1496
1.2990	-0.1490
1.2921	-0.1491
1.2852	-0.1492
1.2783	-0.1489
1.2713	-0.1482
1.2643	-0.1474
1.2573	-0.1467
1.2503	-0.1464
1.2433	-0.1457
1.2363	-0.1453
1.2293	-0.1445
1.2224	-0.1440
1.2155	-0.1433
1.2086	-0.1427
1.2018	-0.1417
1.1951	-0.1412
1.1884	-0.1414
1.1818	-0.1412
1.1752	-0.1408
1.1686	-0.1404
1.1621	-0.1408
1.1555	-0.1411
1.1490	-0.1409
1.1424	-0.1406
1.1358	-0.1410
1.1292	-0.1408
1.1225	-0.1411
1.1158	-0.1413
1.1090	-0.1409
1.1022	-0.1407
1.0953	-0.1405
1.0883	-0.1392
1.0813	-0.1384
1.0742	-0.1378
1.0670	-0.1370
1.0597	-0.1366
1.0524	-0.1358
1.0450	-0.1354
1.0376	-0.1345
1.0302	-0.1340
1.0227	-0.1335
1.0152	-0.1336
1.0077	-0.1325
1.0002	-0.1313
0.9928	-0.1302
0.9853	-0.1292
0.9778	-0.1286
0.9703	-0.1275
0.9629	-0.1277
0.9555	-0.1282
0.9481	-0.1286
0.9407	-0.1291
0.9334	-0.1277
0.9261	-0.1272
0.9187	-0.1272
0.9114	-0.1269
0.9041	-0.1261
0.8968	-0.1260
0.8894	-0.1268
0.8821	-0.1272
0.8747	-0.1269
0.8673	-0.1263
0.8600	-0.1257
0.8525	-0.1252
0.8451	-0.1254
0.8376	-0.1254
0.8301	-0.1253
0.8225	-0.1249
0.8149	-0.1247
0.8073	-0.1244
0.7996	-0.1248
0.7919	-0.1251
0.7840	-0.1249
0.7762	-0.1242
0.7683	-0.1237
0.7603	-0.1230
0.7523	-0.1227
0.7443	-0.1218
0.7362	-0.1215
0.7281	-0.1217
0.7199	-0.1205
0.7117	-0.1198
0.7035	-0.1195
0.6952	-0.1190
0.6869	-0.1179
0.6785	-0.1171
0.6701	-0.1168
0.6616	-0.1167
0.6530	-0.1170
0.6444	-0.1171
0.6358	-0.1161
0.6271	-0.1159
0.6183	-0.1163
0.6095	-0.1153
0.6006	-0.1148
0.5917	-0.1141
0.5828	-0.1138
0.5738	-0.1142
0.5648	-0.1143
0.5558	-0.1142
0.5469	-0.1138
0.5379	-0.1131
0.5290	-0.1122
0.5200	-0.1121
0.5112	-0.1117
0.5023	-0.1111
0.4934	-0.1107
0.4847	-0.1096
0.4759	-0.1085
0.4672	-0.1076
0.4585	-0.1067
0.4499	-0.1063
0.4413	-0.1063
0.4328	-0.1065
0.4243	-0.1072
0.4159	-0.1078
0.4075	-0.1072
0.3992	-0.1072
0.3909	-0.1072
0.3826	-0.1072
0.3744	-0.1071
0.3663	-0.1072
0.3582	-0.1072
0.3501	-0.1066
0.3420	-0.1059
0.3340	-0.1050
0.3261	-0.1050
0.3181	-0.1046
0.3102	-0.1043
0.3024	-0.1029
0.2945	-0.1018
0.2867	-0.1007
0.2790	-0.0997
0.2712	-0.0993
0.2635	-0.0997
0.2558	-0.0995
0.2482	-0.0989
0.2406	-0.0975
0.2330	-0.0957
0.2254	-0.0949
0.2179	-0.0947
0.2103	-0.0948
0.2028	-0.0945
0.1954	-0.0944
0.1879	-0.0939
0.1805	-0.0939
0.1731	-0.0931
0.1657	-0.0918
0.1583	-0.0911
0.1510	-0.0907
0.1437	-0.0898
0.1364	-0.0897
0.1291	-0.0888
0.1218	-0.0883
0.1146	-0.0873
0.1074	-0.0863
0.1002	-0.0855
0.0930	-0.0851
0.0859	-0.0841
0.0788	-0.0839
0.0717	-0.0836
0.0646	-0.0834
0.0576	-0.0830
0.0506	-0.0818
0.0436	-0.0809
0.0366	-0.0806
0.0296	-0.0807
0.0226	-0.0806
0.0157	-0.0811
0.0087	-0.0810
0.0018	-0.0803
-0.0051	-0.0794
-0.0120	-0.0792
-0.0190	-0.0785
-0.0259	-0.0785
-0.0328	-0.0785
-0.0397	-0.0783
-0.0466	-0.0777
-0.0535	-0.0773
-0.0604	-0.0770
-0.0673	-0.0766
-0.0742	-0.0758
-0.0811	-0.0749
-0.0880	-0.0742
-0.0949	-0.0737
-0.1018	-0.0729
-0.1086	-0.0726
-0.1155	-0.0712
-0.1224	-0.0707
-0.1292	-0.0701
-0.1361	-0.0692
-0.1430	-0.0689
-0.1499	-0.0684
-0.1567	-0.0681
-0.1636	-0.0681
-0.1705	-0.0679
-0.1774	-0.0676
-0.1842	-0.0674
-0.1911	-0.0670
-0.1980	-0.0674
-0.2049	-0.0676
-0.2118	-0.0669
-0.2187	-0.0662
-0.2256	-0.0657
-0.2325	-0.0651
-0.2394	-0.0645
-0.2463	-0.0642
-0.2532	-0.0635
-0.2602	-0.0630
-0.2671	-0.0620
-0.2740	-0.0618
-0.2810	-0.0613
-0.2879	-0.0606
-0.2949	-0.0600
-0.3019	-0.0601
-0.3089	-0.0606
-0.3160	-0.0608
-0.3231	-0.0608
-0.3302	-0.0602
-0.3374	-0.0591
-0.3447	-0.0578
-0.3520	-0.0571
-0.3594	-0.0568
-0.3669	-0.0572
-0.3745	-0.0572
-0.3822	-0.0570
-0.3901	-0.0565
-0.3980	-0.0568
-0.4061	-0.0568
-0.4143	-0.0565
-0.4227	-0.0564
-0.4312	-0.0565
-0.4399	-0.0561
-0.4487	-0.0558
-0.4577	-0.0558
-0.4669	-0.0561
-0.4763	-0.0556
-0.4858	-0.0553
-0.4956	-0.0550
-0.5056	-0.0550
-0.5159	-0.0552
-0.5264	-0.0551
-0.5373	-0.0552
-0.5484	-0.0557
-0.5598	-0.0570
-0.5715	-0.0577
-0.5835	-0.0587
-0.5957	-0.0588
-0.6082	-0.0582
-0.6208	-0.0574
-0.6335	-0.0572
-0.6465	-0.0573
-0.6594	-0.0564
-0.6725	-0.0559
-0.6855	-0.0555
-0.6986	-0.0555
-0.7117	-0.0553
-0.7247	-0.0544
-0.7376	-0.0536
-0.7504	-0.0538
-0.7631	-0.0535
-0.7757	-0.0537
-0.7881	-0.0540
-0.8003	-0.0535
-0.8124	-0.0535
-0.8242	-0.0537
-0.8358	-0.0528
-0.8472	-0.0523
-0.8584	-0.0523
-0.8694	-0.0514
-0.8802	-0.0504
-0.8907	-0.0504
-0.9011	-0.0503
-0.9112	-0.0510
-0.9212	-0.0512
-0.9310	-0.0513
-0.9406	-0.0521
-0.9501	-0.0526
-0.9594	-0.0529
-0.9685	-0.0523
-0.9776	-0.0515
-0.9865	-0.0513
-0.9953	-0.0530
-1.0040	-0.0540
-1.0125	-0.0541
-1.0210	-0.0536
-1.0294	-0.0536
-1.0377	-0.0539
-1.0459	-0.0537
-1.0540	-0.0540
-1.0621	-0.0542
-1.0701	-0.0545
-1.0781	-0.0548
-1.0861	-0.0555
-1.0940	-0.0559
-1.1019	-0.0558
-1.1097	-0.0559
-1.1175	-0.0553
-1.1253	-0.0553
-1.1331	-0.0543
-1.1408	-0.0536
-1.1486	-0.0529
-1.1563	-0.0523
-1.1640	-0.0525
-1.1717	-0.0533
-1.1794	-0.0533
-1.1870	-0.0537
-1.1947	-0.0542
-1.2023	-0.0551
-1.2099	-0.0549
-1.2176	-0.0547
-1.2251	-0.0547
-1.2327	-0.0541
-1.2402	-0.0527
-1.2477	-0.0523
-1.2551	-0.0523
-1.2625	-0.0530
-1.2699	-0.0527
-1.2772	-0.0520
-1.2845	-0.0511
-1.2918	-0.0503
-1.2990	-0.0499
-1.3061	-0.0497
-1.3133	-0.0492
-1.3204	-0.0489
-1.3274	-0.0481
-1.3344	-0.0474
-1.3413	-0.0467
-1.3482	-0.0456
-1.3551	-0.0453
-1.3619	-0.0454
-1.3686	-0.0452
-1.3753	-0.0451
-1.3820	-0.0454
-1.3886	-0.0452
-1.3951	-0.0447
-1.4016	-0.0438
-1.4081	-0.0440
-1.4145	-0.0442
-1.4209	-0.0434
-1.4273	-0.0420
-1.4336	-0.0412
-1.4400	-0.0408
-1.4463	-0.0413
-1.4526	-0.0415
-1.4589	-0.0413
-1.4652	-0.0410
-1.4716	-0.0404
-1.4779	-0.0404
-1.4843	-0.0403
-1.4907	-0.0406
-1.4972	-0.0406
-1.5037	-0.0414
-1.5103	-0.0427
-1.5169	-0.0425
-1.5236	-0.0419
-1.5303	-0.0412
-1.5370	-0.0406
-1.5438	-0.0404
-1.5506	-0.0403
-1.5574	-0.0406
-1.5641	-0.0407
-1.5709	-0.0411
-1.5775	-0.0409
-1.5841	-0.0416
-1.5906	-0.0421
-1.5970	-0.0423
-1.6033	-0.0418
-1.6095	-0.0405
-1.6156	-0.0393
-1.6216	-0.0383
-1.6276	-0.0376
-1.6335	-0.0381
-1.6393	-0.0383
-1.6452	-0.0387
-1.6511	-0.0387
-1.6569	-0.0394
-1.6628	-0.0395
-1.6687	-0.0398
-1.6747	-0.0406
-1.6807	-0.0406
-1.6868	-0.0401
-1.6929	-0.0417
-1.6990	-0.0425
-1.7052	-0.0431
-1.7115	-0.0432
-1.7178	-0.0434
-1.7241	-0.0432
-1.7305	-0.0435
-1.7368	-0.0442
-1.7432	-0.0442
-1.7496	-0.0437
-1.7560	-0.0430
-1.7624	-0.0422
-1.7687	-0.0421
-1.7750	-0.0421
-1.7813	-0.0424
-1.7875	-0.0429
-1.7936	-0.0425
-1.7997	-0.0423
-1.8058	-0.0426
-1.8117	-0.0422
-1.8176	-0.0419
-1.8235	-0.0411
-1.8293	-0.0406
-1.8351	-0.0402
-1.8408	-0.0404
-1.8465	-0.0409
-1.8522	-0.0411
-1.8579	-0.0412
-1.8635	-0.0419
-1.8692	-0.0416
-1.8748	-0.0417
-1.8804	-0.0418
-1.8860	-0.0415
-1.8915	-0.0409
-1.8969	-0.0401
-1.9024	-0.0397
-1.9077	-0.0403
-1.9131	-0.0407
-1.9183	-0.0403
-1.9235	-0.0402
-1.9287	-0.0403
-1.9338	-0.0401
-1.9388	-0.0394
-1.9437	-0.0385
-1.9486	-0.0380
-1.9534	-0.0386
-1.9581	-0.0394
-1.9628	-0.0397
-1.9675	-0.0395
-1.9721	-0.0396
-1.9767	-0.0392
-1.9812	-0.0385
-1.9858	-0.0391
-1.9904	-0.0400
-1.9950	-0.0407
-1.9996	-0.0407
-2.0042	-0.0410
-2.0089	-0.0420
-2.0135	-0.0420
-2.0183	-0.0416
-2.0230	-0.0411
-2.0277	-0.0401
-2.0325	-0.0397
-2.0372	-0.0401
-2.0419	-0.0409
-2.0465	-0.0421
-2.0510	-0.0422
-2.0554	-0.0423
-2.0597	-0.0417
-2.0639	-0.0417
-2.0678	-0.0420
-2.0716	-0.0416
-2.0751	-0.0409
-2.0784	-0.0401
-2.0815	-0.0397
-2.0844	-0.0394
-2.0871	-0.0395
-2.0896	-0.0393
-2.0920	-0.0386
-2.0942	-0.0390
-2.0963	-0.0391
-2.0984	-0.0392
-2.1003	-0.0396
-2.1023	-0.0396
-2.1043	-0.0403
-2.1064	-0.0404
-2.1085	-0.0402
-2.1109	-0.0406
-2.1135	-0.0411
-2.1163	-0.0419
-2.1194	-0.0420
-2.1228	-0.0426
-2.1265	-0.0440
-2.1305	-0.0443
-2.1349	-0.0454
-2.1396	-0.0465
-2.1445	-0.0474
-2.1497	-0.0477
-2.1550	-0.0474
-2.1606	-0.0475
-2.1663	-0.0475
-2.1722	-0.0474
-2.1781	-0.0468
-2.1841	-0.0466
-2.1901	-0.0465
-2.1962	-0.0460
-2.2023	-0.0460
-2.2084	-0.0458
-2.2145	-0.0451
-2.2205	-0.0439
-2.2266	-0.0431
-2.2326	-0.0428
-2.2385	-0.0423
-2.2445	-0.0417
-2.2503	-0.0418
-2.2562	-0.0416
-2.2620	-0.0409
-2.2677	-0.0402
-2.2734	-0.0402
-2.2791	-0.0397
-2.2847	-0.0389
-2.2902	-0.0389
-2.2957	-0.0387
-2.3011	-0.0396
-2.3064	-0.0406
-2.3117	-0.0407
-2.3169	-0.0405
-2.3220	-0.0401
-2.3270	-0.0392
-2.3319	-0.0383
-2.3367	-0.0377
-2.3414	-0.0373
-2.3460	-0.0372
-2.3505	-0.0368
-2.3548	-0.0369
-2.3591	-0.0370
-2.3632	-0.0375
-2.3672	-0.0382
-2.3710	-0.0384
-2.3748	-0.0385
-2.3784	-0.0382
-2.3819	-0.0385
-2.3853	-0.0391
-2.3886	-0.0397
-2.3917	-0.0399
-2.3948	-0.0407
-2.3979	-0.0415
-2.4009	-0.0425
-2.4038	-0.0430
-2.4066	-0.0433
-2.4094	-0.0431
-2.4121	-0.0432
-2.4148	-0.0434
-2.4174	-0.0436
-2.4200	-0.0441
-2.4224	-0.0445
-2.4248	-0.0455
-2.4272	-0.0465
-2.4294	-0.0468
-2.4316	-0.0467
-2.4336	-0.0464
-2.4356	-0.0460
-2.4375	-0.0454
-2.4392	-0.0452
-2.4409	-0.0450
-2.4424	-0.0450
-2.4438	-0.0445
-2.4451	-0.0441
-2.4463	-0.0435
-2.4474	-0.0438
-2.4484	-0.0434
-2.4493	-0.0433
-2.4501	-0.0431
-2.4509	-0.0433
-2.4515	-0.0436
-2.4521	-0.0442
-2.4527	-0.0448
-2.4532	-0.0442
-2.4536	-0.0438
-2.4540	-0.0427
-2.4544	-0.0410
-2.4547	-0.0404
-2.4550	-0.0408
-2.4553	-0.0409
-2.4555	-0.0418
-2.4558	-0.0422
-2.4560	-0.0429
-2.4563	-0.0439
-2.4565	-0.0447
-2.4568	-0.0453
-2.4570	-0.0458
-2.4572	-0.0453
-2.4574	-0.0454
-2.4576	-0.0454
-2.4577	-0.0458
-2.4577	-0.0464
-2.4576	-0.0462
-2.4574	-0.0461
-2.4570	-0.0462
-2.4564	-0.0468
-2.4558	-0.0476
-2.4549	-0.0480
-2.4538	-0.0486
-2.4525	-0.0481
-2.4510	-0.0472
-2.4493	-0.0467
-2.4474	-0.0460
-2.4453	-0.0459
-2.4430	-0.0453
-2.4405	-0.0438
-2.4378	-0.0437
-2.4350	-0.0439
-2.4320	-0.0439
-2.4289	-0.0434
-2.4256	-0.0440
-2.4223	-0.0444
-2.4188	-0.0451
-2.4152	-0.0451
-2.4115	-0.0448
-2.4077	-0.0441
-2.4039	-0.0444
-2.4000	-0.0447
-2.3960	-0.0449
-2.3920	-0.0457
-2.3879	-0.0461
-2.3838	-0.0458
-2.3796	-0.0451
-2.3752	-0.0442
-2.3708	-0.0441
-2.3664	-0.0431
-2.3618	-0.0424
-2.3572	-0.0423
-2.3524	-0.0425
-2.3477	-0.0429
-2.3430	-0.0431
-2.3382	-0.0427
-2.3335	-0.0423
-2.3289	-0.0420
-2.3244	-0.0426
-2.3200	-0.0433
-2.3158	-0.0444
-2.3116	-0.0455
-2.3075	-0.0462
-2.3036	-0.0466
-2.2997	-0.0473
-2.2958	-0.0478
-2.2920	-0.0475
-2.2882	-0.0473
-2.2844	-0.0471
-2.2807	-0.0472
-2.2770	-0.0473
-2.2733	-0.0468
-2.2696	-0.0461
-2.2659	-0.0460
-2.2622	-0.0464
-2.2586	-0.0469
-2.2550	-0.0468
-2.2514	-0.0463
-2.2479	-0.0461
-2.2444	-0.0461
-2.2410	-0.0457
-2.2376	-0.0456
-2.2343	-0.0452
-2.2311	-0.0444
-2.2279	-0.0444
-2.2248	-0.0455
-2.2217	-0.0458
-2.2187	-0.0469
-2.2158	-0.0474
-2.2129	-0.0472
-2.2100	-0.0473
-2.2072	-0.0471
-2.2043	-0.0467
-2.2015	-0.0464
-2.1987	-0.0464
-2.1959	-0.0462
-2.1931	-0.0458
-2.1904	-0.0452
-2.1877	-0.0447
-2.1850	-0.0445
-2.1823	-0.0440
-2.1797	-0.0443
-2.1771	-0.0440
-2.1744	-0.0430
-2.1719	-0.0426
-2.1693	-0.0431
-2.1668	-0.0437
-2.1643	-0.0442
-2.1618	-0.0443
-2.1592	-0.0450
-2.1566	-0.0461
-2.1541	-0.0469
-2.1514	-0.0469
-2.1488	-0.0479
-2.1461	-0.0477
-2.1434	-0.0466
-2.1406	-0.0462
-2.1379	-0.0460
-2.1351	-0.0459
-2.1324	-0.0455
-2.1297	-0.0450
-2.1270	-0.0447
-2.1243	-0.0452
-2.1216	-0.0461
-2.1189	-0.0476
-2.1163	-0.0485
-2.1137	-0.0484
-2.1111	-0.0483
-2.1085	-0.0487
-2.1059	-0.0493
-2.1034	-0.0496
-2.1008	-0.0500
-2.0983	-0.0500
-2.0957	-0.0502
-2.0932	-0.0506
-2.0907	-0.0504
-2.0881	-0.0506
-2.0856	-0.0504
-2.0831	-0.0498
-2.0805	-0.0495
-2.0779	-0.0489
-2.0752	-0.0484
-2.0725	-0.0480
-2.0698	-0.0477
-2.0670	-0.0475
-2.0641	-0.0472
-2.0612	-0.0471
-2.0582	-0.0468
-2.0552	-0.0461
-2.0521	-0.0448
-2.0489	-0.0444
-2.0457	-0.0441
-2.0425	-0.0444
-2.0391	-0.0443
-2.0358	-0.0437
-2.0323	-0.0426
-2.0288	-0.0426
-2.0253	-0.0432
-2.0216	-0.0439
-2.0179	-0.0447
-2.0140	-0.0450
-2.0100	-0.0448
-2.0059	-0.0454
-2.0016	-0.0460
-1.9972	-0.0465
-1.9925	-0.0468
-1.9877	-0.0479
-1.9826	-0.0484
-1.9772	-0.0483
-1.9717	-0.0482
-1.9658	-0.0481
-1.9597	-0.0480
-1.9532	-0.0478
-1.9465	-0.0475
-1.9395	-0.0472
-1.9323	-0.0466
-1.9248	-0.0466
-1.9170	-0.0467
-1.9091	-0.0462
-1.9009	-0.0466
-1.8926	-0.0472
-1.8841	-0.0476
-1.8756	-0.0471
-1.8671	-0.0476
-1.8586	-0.0477
-1.8502	-0.0480
-1.8418	-0.0486
-1.8335	-0.0490
-1.8254	-0.0494
-1.8174	-0.0501
-1.8095	-0.0506
-1.8018	-0.0509
-1.7942	-0.0515
-1.7868	-0.0521
-1.7794	-0.0533
-1.7722	-0.0531
-1.7650	-0.0530
-1.7579	-0.0528
-1.7509	-0.0527
-1.7439	-0.0514
-1.7369	-0.0508
-1.7300	-0.0501
-1.7232	-0.0487
-1.7163	-0.0478
-1.7096	-0.0474
-1.7029	-0.0468
-1.6962	-0.0470
-1.6896	-0.0471
-1.6831	-0.0468
-1.6766	-0.0472
-1.6703	-0.0477
-1.6640	-0.0489
-1.6577	-0.0493
-1.6516	-0.0490
-1.6455	-0.0496
-1.6394	-0.0501
-1.6334	-0.0502
-1.6274	-0.0509
-1.6214	-0.0514
-1.6155	-0.0514
-1.6095	-0.0513
-1.6036	-0.0516
-1.5976	-0.0519
-1.5916	-0.0526
-1.5857	-0.0529
-1.5797	-0.0529
-1.5737	-0.0534
-1.5677	-0.0528
-1.5617	-0.0524
-1.5557	-0.0519
-1.5497	-0.0516
-1.5437	-0.0514
-1.5377	-0.0512
-1.5317	-0.0505
-1.5257	-0.0495
-1.5197	-0.0493
-1.5138	-0.0495
-1.5079	-0.0497
-1.5021	-0.0496
-1.4962	-0.0493
-1.4905	-0.0492
-1.4848	-0.0498
-1.4791	-0.0501
-1.4736	-0.0489
-1.4681	-0.0484
-1.4627	-0.0487
-1.4573	-0.0492
-1.4519	-0.0493
-1.4467	-0.0483
-1.4414	-0.0488
-1.4362	-0.0491
-1.4310	-0.0484
-1.4258	-0.0475
-1.4207	-0.0467
-1.4155	-0.0467
-1.4103	-0.0463
-1.4050	-0.0461
-1.3997	-0.0459
-1.3944	-0.0456
-1.3889	-0.0453
-1.3834	-0.0447
-1.3778	-0.0446
-1.3721	-0.0442
-1.3663	-0.0436
-1.3603	-0.0431
-1.3543	-0.0417
-1.3482	-0.0409
-1.3420	-0.0399
-1.3357	-0.0390
-1.3293	-0.0380
-1.3228	-0.0374
-1.3162	-0.0360
-1.3096	-0.0343
-1.3029	-0.0328
-1.2960	-0.0316
-1.2892	-0.0299
-1.2823	-0.0284
-1.2754	-0.0277
-1.2684	-0.0265
-1.2614	-0.0253
-1.2544	-0.0241
-1.2474	-0.0225
-1.2405	-0.0217
-1.2335	-0.0207
-1.2266	-0.0194
-1.2197	-0.0179
-1.2129	-0.0170
-1.2060	-0.0155
-1.1992	-0.0133
-1.1924	-0.0117
-1.1857	-0.0100
-1.1789	-0.0078
-1.1721	-0.0059
-1.1653	-0.0031
-1.1585	-0.0002
-1.1517	0.0032
-1.1448	0.0067
-1.1378	0.0107
-1.1308	0.0149
