-2.5807	0.0135
-2.5577	0.0011
-2.5353	0.0010
-2.5133	0.0010
-2.4916	0.0011
-2.4704	0.0014
-2.4495	0.0011
-2.4291	0.0010
-2.4090	0.0007
-2.3895	0.0003
-2.3704	-0.0000
-2.3519	-0.0002
-2.3339	-0.0003
-2.3166	-0.0006
-2.2999	-0.0005
-2.2840	-0.0006
-2.2686	-0.0006
-2.2538	-0.0006
-2.2394	-0.0005
-2.2253	-0.0005
-2.2113	-0.0003
-2.1975	-0.0002
-2.1837	-0.0001
-2.1698	0.0004
-2.1556	0.0008
-2.1409	0.0010
-2.1258	0.0015
-2.1102	0.0017
-2.0940	0.0016
-2.0773	0.0017
-2.0601	0.0021
-2.0423	0.0024
-2.0241	0.0024
-2.0053	0.0025
-1.9863	0.0026
-1.9670	0.0026
-1.9473	0.0027
-1.9275	0.0026
-1.9076	0.0026
-1.8874	0.0026
-1.8672	0.0027
-1.8468	0.0027
-1.8264	0.0028
-1.8059	0.0029
-1.7854	0.0027
-1.7649	0.0025
-1.7444	0.0023
-1.7240	0.0023
-1.7036	0.0022
-1.6832	0.0023
-1.6629	0.0021
-1.6427	0.0015
-1.6225	0.0012
-1.6023	0.0014
-1.5822	0.0016
-1.5620	0.0017
-1.5419	0.0017
-1.5218	0.0015
-1.5018	0.0017
-1.4817	0.0018
-1.4618	0.0016
-1.4419	0.0013
-1.4221	0.0014
-1.4024	0.0011
-1.3827	0.0010
-1.3632	0.0011
-1.3438	0.0009
-1.3244	0.0007
-1.3052	0.0008
-1.2861	0.0010
-1.2672	0.0011
-1.2483	0.0011
-1.2296	0.0012
-1.2110	0.0012
-1.1924	0.0009
-1.1739	0.0009
-1.1555	0.0009
-1.1371	0.0010
-1.1186	0.0011
-1.1002	0.0011
-1.0818	0.0010
-1.0633	0.0007
-1.0447	0.0004
-1.0261	0.0004
-1.0074	0.0005
-0.9886	0.0003
-0.9698	0.0003
-0.9509	0.0004
-0.9321	0.0006
-0.9132	0.0006
-0.8943	0.0006
-0.8754	0.0006
-0.8565	0.0005
-0.8376	0.0004
-0.8187	0.0008
-0.7998	0.0010
-0.7809	0.0008
-0.7621	0.0006
-0.7432	0.0005
-0.7243	0.0004
-0.7054	0.0002
-0.6867	-0.0000
-0.6681	-0.0001
-0.6495	-0.0002
-0.6312	-0.0004
-0.6130	-0.0007
-0.5948	-0.0007
-0.5768	-0.0006
-0.5588	-0.0006
-0.5409	-0.0007
-0.5230	-0.0007
-0.5051	-0.0007
-0.4872	-0.0005
-0.4693	-0.0004
-0.4514	-0.0002
-0.4335	-0.0001
-0.4156	-0.0002
-0.3977	-0.0003
-0.3799	-0.0001
-0.3620	-0.0002
-0.3442	-0.0000
-0.3264	-0.0002
-0.3087	-0.0002
-0.2909	-0.0002
-0.2732	-0.0002
-0.2554	-0.0000
-0.2377	0.0001
-0.2199	0.0003
-0.2022	0.0004
-0.1844	0.0004
-0.1666	-0.0000
-0.1488	0.0000
-0.1310	0.0001
-0.1132	0.0003
-0.0955	0.0002
-0.0779	-0.0000
-0.0603	-0.0002
-0.0429	-0.0003
-0.0255	-0.0002
-0.0083	-0.0007
0.0089	-0.0008
0.0259	-0.0009
0.0428	-0.0011
0.0597	-0.0013
0.0765	-0.0015
0.0932	-0.0015
0.1097	-0.0014
0.1262	-0.0010
0.1425	-0.0012
0.1586	-0.0015
0.1746	-0.0015
0.1904	-0.0013
0.2060	-0.0010
0.2214	-0.0012
0.2367	-0.0014
0.2517	-0.0011
0.2666	-0.0009
0.2813	-0.0012
0.2958	-0.0014
0.3102	-0.0015
0.3244	-0.0015
0.3385	-0.0016
0.3526	-0.0016
0.3665	-0.0015
0.3804	-0.0014
0.3942	-0.0017
0.4080	-0.0019
0.4217	-0.0017
0.4354	-0.0017
0.4490	-0.0016
0.4626	-0.0013
0.4760	-0.0012
0.4894	-0.0010
0.5026	-0.0008
0.5159	-0.0007
0.5292	-0.0010
0.5427	-0.0012
0.5565	-0.0012
0.5705	-0.0009
0.5847	-0.0008
0.5990	-0.0010
0.6134	-0.0009
0.6278	-0.0008
0.6422	-0.0007
0.6566	-0.0005
0.6710	-0.0002
0.6855	-0.0002
0.7000	-0.0005
0.7146	-0.0005
0.7292	-0.0007
0.7440	-0.0009
0.7587	-0.0009
0.7736	-0.0008
0.7883	-0.0008
0.8031	-0.0007
0.8178	-0.0009
0.8325	-0.0009
0.8473	-0.0009
0.8621	-0.0006
0.8769	-0.0005
0.8918	-0.0004
0.9069	-0.0005
0.9220	-0.0005
0.9372	-0.0006
0.9524	-0.0007
0.9676	-0.0005
0.9830	-0.0003
0.9983	-0.0002
1.0137	-0.0000
1.0292	-0.0000
1.0447	-0.0002
1.0602	-0.0005
1.0756	-0.0006
1.0912	-0.0008
1.1067	-0.0006
1.1223	-0.0004
1.1380	-0.0004
1.1537	-0.0003
1.1695	-0.0001
1.1852	-0.0000
1.2009	-0.0003
1.2167	-0.0005
1.2326	-0.0007
1.2485	-0.0005
1.2645	-0.0006
1.2805	-0.0008
1.2967	-0.0009
1.3129	-0.0009
1.3292	-0.0004
1.3455	-0.0002
1.3618	-0.0002
1.3781	-0.0003
1.3944	-0.0003
1.4108	-0.0004
1.4271	-0.0005
1.4435	-0.0007
1.4598	-0.0010
1.4762	-0.0010
1.4927	-0.0009
1.5091	-0.0010
1.5256	-0.0009
1.5421	-0.0009
1.5586	-0.0007
1.5752	-0.0006
1.5917	-0.0005
1.6083	-0.0004
1.6248	-0.0002
1.6413	-0.0002
1.6579	-0.0003
1.6745	-0.0004
1.6910	-0.0001
1.7076	0.0002
1.7242	0.0000
1.7409	-0.0003
1.7575	-0.0004
1.7742	-0.0007
1.7908	-0.0009
1.8075	-0.0010
1.8240	-0.0008
1.8406	-0.0004
1.8571	-0.0003
1.8735	-0.0003
1.8899	-0.0003
1.9062	-0.0006
1.9225	-0.0006
1.9388	-0.0007
1.9550	-0.0007
1.9712	-0.0006
1.9874	-0.0006
2.0037	-0.0006
2.0199	-0.0007
2.0361	-0.0009
2.0523	-0.0008
2.0684	-0.0006
2.0844	-0.0004
2.1003	-0.0002
2.1161	-0.0004
2.1318	-0.0006
2.1474	-0.0008
2.1628	-0.0008
2.1780	-0.0010
2.1931	-0.0014
2.2081	-0.0015
2.2229	-0.0014
2.2375	-0.0015
2.2518	-0.0014
2.2658	-0.0016
2.2795	-0.0020
2.2927	-0.0021
2.3055	-0.0023
2.3178	-0.0025
2.3296	-0.0030
2.3408	-0.0032
2.3514	-0.0035
2.3615	-0.0039
2.3710	-0.0039
2.3800	-0.0037
2.3888	-0.0038
2.3973	-0.0038
2.4056	-0.0034
2.4140	-0.0030
2.4225	-0.0028
2.4314	-0.0024
2.4407	-0.0020
2.4504	-0.0016
2.4608	-0.0013
2.4716	-0.0010
2.4831	-0.0007
2.4949	-0.0006
2.5073	-0.0003
2.5200	-0.0004
2.5330	-0.0006
2.5463	-0.0010
2.5597	-0.0009
2.5733	-0.0008
2.5870	-0.0011
2.6007	-0.0013
2.6144	-0.0013
2.6281	-0.0012
2.6417	-0.0012
2.6551	-0.0012
2.6685	-0.0013
2.6817	-0.0012
2.6949	-0.0015
2.7078	-0.0019
2.7206	-0.0020
2.7333	-0.0020
2.7459	-0.0022
2.7583	-0.0023
2.7707	-0.0023
2.7828	-0.0021
2.7948	-0.0019
2.8066	-0.0020
2.8183	-0.0020
2.8297	-0.0019
2.8410	-0.0018
2.8521	-0.0017
2.8630	-0.0018
2.8737	-0.0019
2.8843	-0.0020
2.8948	-0.0024
2.9052	-0.0027
2.9155	-0.0025
2.9256	-0.0023
2.9357	-0.0024
2.9458	-0.0025
2.9557	-0.0026
2.9656	-0.0025
2.9755	-0.0024
2.9854	-0.0022
2.9953	-0.0021
3.0053	-0.0020
3.0153	-0.0020
3.0254	-0.0021
3.0357	-0.0020
3.0462	-0.0020
3.0568	-0.0019
3.0678	-0.0018
3.0790	-0.0015
3.0905	-0.0012
3.1022	-0.0007
3.1144	-0.0010
3.1268	-0.0011
3.1396	-0.0012
3.1527	-0.0013
3.1660	-0.0012
3.1795	-0.0012
3.1931	-0.0011
3.2069	-0.0013
3.2208	-0.0014
3.2346	-0.0015
3.2485	-0.0014
3.2622	-0.0013
3.2758	-0.0011
3.2893	-0.0010
3.3025	-0.0011
3.3155	-0.0017
3.3283	-0.0017
3.3407	-0.0019
3.3528	-0.0018
3.3647	-0.0018
3.3763	-0.0021
3.3876	-0.0023
3.3987	-0.0022
3.4095	-0.0019
3.4202	-0.0021
3.4306	-0.0022
3.4409	-0.0023
3.4510	-0.0024
3.4610	-0.0028
3.4709	-0.0027
3.4808	-0.0027
3.4905	-0.0028
3.5002	-0.0027
3.5098	-0.0026
3.5194	-0.0026
3.5289	-0.0024
3.5385	-0.0023
3.5481	-0.0023
3.5576	-0.0022
3.5672	-0.0025
3.5768	-0.0028
3.5863	-0.0030
3.5959	-0.0030
3.6054	-0.0029
3.6150	-0.0028
3.6245	-0.0026
3.6340	-0.0025
3.6435	-0.0026
3.6529	-0.0029
3.6623	-0.0027
3.6716	-0.0024
3.6809	-0.0024
3.6901	-0.0025
3.6993	-0.0026
3.7085	-0.0026
3.7176	-0.0027
3.7267	-0.0028
3.7357	-0.0030
3.7447	-0.0030
3.7537	-0.0028
3.7628	-0.0028
3.7718	-0.0029
3.7808	-0.0029
3.7897	-0.0032
3.7987	-0.0032
3.8076	-0.0030
3.8165	-0.0030
3.8253	-0.0031
3.8341	-0.0031
3.8428	-0.0030
3.8515	-0.0031
3.8600	-0.0031
3.8685	-0.0031
3.8769	-0.0033
3.8851	-0.0034
3.8933	-0.0033
3.9013	-0.0031
3.9093	-0.0030
3.9171	-0.0030
3.9249	-0.0031
3.9327	-0.0030
3.9404	-0.0030
3.9481	-0.0031
3.9557	-0.0033
3.9633	-0.0035
3.9708	-0.0036
3.9784	-0.0036
3.9858	-0.0035
3.9933	-0.0034
4.0007	-0.0036
4.0080	-0.0035
4.0154	-0.0036
4.0226	-0.0035
4.0298	-0.0035
4.0369	-0.0036
4.0440	-0.0037
4.0510	-0.0038
4.0580	-0.0035
4.0649	-0.0037
4.0716	-0.0038
4.0783	-0.0037
4.0850	-0.0038
4.0915	-0.0038
4.0980	-0.0038
4.1044	-0.0036
4.1108	-0.0037
4.1170	-0.0038
4.1232	-0.0037
4.1293	-0.0039
4.1354	-0.0036
4.1413	-0.0038
4.1472	-0.0040
4.1530	-0.0041
4.1587	-0.0041
4.1644	-0.0043
4.1700	-0.0043
4.1755	-0.0041
4.1810	-0.0041
4.1864	-0.0040
4.1917	-0.0037
4.1969	-0.0037
4.2020	-0.0038
4.2071	-0.0040
4.2120	-0.0045
4.2169	-0.0047
4.2216	-0.0044
4.2263	-0.0040
4.2308	-0.0038
4.2353	-0.0040
4.2398	-0.0042
4.2441	-0.0042
4.2483	-0.0044
4.2525	-0.0045
4.2567	-0.0044
4.2607	-0.0042
4.2647	-0.0042
4.2686	-0.0043
4.2725	-0.0044
4.2763	-0.0046
4.2801	-0.0047
4.2839	-0.0045
4.2877	-0.0044
4.2914	-0.0044
4.2952	-0.0045
4.2989	-0.0043
4.3026	-0.0042
4.3063	-0.0041
4.3100	-0.0041
4.3137	-0.0041
4.3173	-0.0043
4.3209	-0.0040
4.3244	-0.0039
4.3280	-0.0037
4.3315	-0.0041
4.3349	-0.0044
4.3384	-0.0043
4.3418	-0.0043
4.3452	-0.0045
4.3487	-0.0046
4.3520	-0.0046
4.3554	-0.0045
4.3587	-0.0046
4.3620	-0.0047
4.3653	-0.0046
4.3686	-0.0044
4.3718	-0.0043
4.3751	-0.0045
4.3783	-0.0046
4.3815	-0.0044
4.3847	-0.0045
4.3879	-0.0044
4.3910	-0.0040
4.3942	-0.0041
4.3973	-0.0043
4.4004	-0.0045
4.4035	-0.0047
4.4066	-0.0049
4.4096	-0.0047
4.4127	-0.0046
4.4157	-0.0043
4.4187	-0.0044
4.4217	-0.0042
4.4247	-0.0043
4.4277	-0.0046
4.4306	-0.0045
4.4335	-0.0044
4.4364	-0.0043
4.4393	-0.0041
4.4421	-0.0041
4.4450	-0.0041
4.4478	-0.0044
4.4506	-0.0046
4.4533	-0.0044
4.4561	-0.0044
4.4588	-0.0043
4.4614	-0.0043
4.4641	-0.0045
4.4667	-0.0048
4.4692	-0.0050
4.4718	-0.0048
4.4743	-0.0048
4.4767	-0.0046
4.4791	-0.0044
4.4815	-0.0044
4.4838	-0.0045
4.4861	-0.0043
4.4884	-0.0044
4.4906	-0.0044
4.4928	-0.0045
4.4949	-0.0045
4.4970	-0.0047
4.4991	-0.0046
4.5011	-0.0046
4.5030	-0.0045
4.5049	-0.0047
4.5068	-0.0047
4.5087	-0.0048
4.5105	-0.0049
4.5122	-0.0049
4.5140	-0.0048
4.5156	-0.0047
4.5172	-0.0047
4.5188	-0.0047
4.5204	-0.0047
4.5219	-0.0048
4.5233	-0.0048
4.5246	-0.0048
4.5259	-0.0048
4.5271	-0.0045
4.5283	-0.0044
4.5293	-0.0043
4.5303	-0.0044
4.5312	-0.0045
4.5320	-0.0048
4.5328	-0.0050
4.5334	-0.0053
4.5340	-0.0055
4.5346	-0.0057
4.5351	-0.0057
4.5357	-0.0055
4.5361	-0.0052
4.5364	-0.0050
4.5367	-0.0052
4.5369	-0.0050
4.5371	-0.0053
4.5370	-0.0052
4.5369	-0.0053
4.5367	-0.0056
4.5363	-0.0059
4.5358	-0.0059
4.5352	-0.0061
4.5345	-0.0060
4.5336	-0.0059
4.5326	-0.0058
4.5315	-0.0056
4.5301	-0.0056
4.5286	-0.0056
4.5269	-0.0058
4.5250	-0.0060
4.5229	-0.0059
4.5206	-0.0058
4.5181	-0.0059
4.5154	-0.0060
4.5124	-0.0060
4.5092	-0.0062
4.5057	-0.0064
4.5019	-0.0066
4.4977	-0.0066
4.4931	-0.0066
4.4881	-0.0065
4.4826	-0.0066
4.4768	-0.0063
4.4705	-0.0065
4.4638	-0.0065
4.4565	-0.0067
4.4488	-0.0068
4.4409	-0.0067
4.4327	-0.0067
4.4243	-0.0069
4.4156	-0.0070
4.4068	-0.0068
4.3976	-0.0071
4.3883	-0.0078
4.3789	-0.0086
4.3694	-0.0083
4.3597	-0.0078
4.3500	-0.0076
4.3402	-0.0080
4.3304	-0.0080
4.3207	-0.0078
4.3110	-0.0074
4.3015	-0.0073
4.2920	-0.0073
4.2826	-0.0073
4.2734	-0.0074
4.2643	-0.0070
4.2554	-0.0067
4.2467	-0.0066
4.2381	-0.0064
4.2297	-0.0063
4.2215	-0.0062
4.2134	-0.0060
4.2055	-0.0061
4.1978	-0.0060
4.1901	-0.0060
4.1827	-0.0060
4.1753	-0.0061
4.1681	-0.0062
4.1609	-0.0061
4.1539	-0.0059
4.1469	-0.0057
4.1400	-0.0055
4.1332	-0.0053
4.1264	-0.0051
4.1196	-0.0053
4.1128	-0.0054
4.1060	-0.0054
4.0992	-0.0055
4.0925	-0.0055
4.0857	-0.0057
4.0788	-0.0054
4.0719	-0.0054
4.0649	-0.0055
4.0579	-0.0057
4.0507	-0.0058
4.0436	-0.0060
4.0363	-0.0059
4.0290	-0.0058
4.0216	-0.0057
4.0142	-0.0056
4.0068	-0.0056
3.9993	-0.0060
3.9918	-0.0060
3.9843	-0.0060
3.9767	-0.0060
3.9690	-0.0060
3.9613	-0.0059
3.9535	-0.0059
3.9457	-0.0059
3.9378	-0.0057
3.9298	-0.0056
3.9217	-0.0058
3.9136	-0.0059
3.9054	-0.0058
3.8971	-0.0054
3.8887	-0.0054
3.8803	-0.0055
3.8717	-0.0057
3.8631	-0.0059
3.8544	-0.0061
3.8457	-0.0059
3.8369	-0.0057
3.8281	-0.0054
3.8193	-0.0054
3.8104	-0.0054
3.8016	-0.0057
3.7928	-0.0056
3.7841	-0.0057
3.7753	-0.0058
3.7667	-0.0055
3.7581	-0.0053
3.7495	-0.0054
3.7409	-0.0056
3.7323	-0.0056
3.7236	-0.0054
3.7149	-0.0053
3.7061	-0.0055
3.6972	-0.0059
3.6883	-0.0058
3.6792	-0.0057
3.6700	-0.0058
3.6607	-0.0058
3.6514	-0.0057
3.6420	-0.0056
3.6325	-0.0056
3.6229	-0.0056
3.6133	-0.0057
3.6036	-0.0057
3.5938	-0.0057
3.5838	-0.0060
3.5738	-0.0062
3.5636	-0.0062
3.5532	-0.0063
3.5427	-0.0063
3.5320	-0.0063
3.5212	-0.0065
3.5103	-0.0060
3.4993	-0.0058
3.4883	-0.0057
3.4772	-0.0056
3.4661	-0.0057
3.4550	-0.0059
3.4440	-0.0058
3.4331	-0.0060
3.4222	-0.0058
3.4113	-0.0055
3.4005	-0.0052
3.3896	-0.0052
3.3787	-0.0053
3.3677	-0.0055
3.3567	-0.0058
3.3456	-0.0059
3.3343	-0.0060
3.3230	-0.0059
3.3116	-0.0061
3.3000	-0.0063
3.2884	-0.0059
3.2766	-0.0057
3.2647	-0.0058
3.2528	-0.0057
3.2407	-0.0055
3.2285	-0.0055
3.2163	-0.0056
3.2039	-0.0056
3.1915	-0.0057
3.1790	-0.0058
3.1664	-0.0058
3.1538	-0.0057
3.1411	-0.0057
3.1284	-0.0058
3.1157	-0.0057
3.1029	-0.0060
3.0901	-0.0058
3.0774	-0.0057
3.0646	-0.0055
3.0518	-0.0056
3.0391	-0.0054
3.0264	-0.0052
3.0138	-0.0052
3.0012	-0.0053
2.9886	-0.0057
2.9761	-0.0056
2.9636	-0.0057
2.9510	-0.0060
2.9385	-0.0060
2.9258	-0.0056
2.9130	-0.0055
2.9001	-0.0055
2.8871	-0.0055
2.8740	-0.0055
2.8607	-0.0052
2.8473	-0.0051
2.8339	-0.0050
2.8203	-0.0048
2.8067	-0.0048
2.7931	-0.0048
2.7794	-0.0049
2.7658	-0.0049
2.7521	-0.0051
2.7384	-0.0054
2.7247	-0.0054
2.7110	-0.0054
2.6973	-0.0055
2.6836	-0.0053
2.6699	-0.0051
2.6562	-0.0052
2.6424	-0.0054
2.6287	-0.0055
2.6150	-0.0054
2.6013	-0.0053
2.5875	-0.0054
2.5737	-0.0055
2.5599	-0.0054
2.5460	-0.0051
2.5321	-0.0051
2.5182	-0.0050
2.5042	-0.0047
2.4901	-0.0045
2.4760	-0.0048
2.4619	-0.0050
2.4477	-0.0048
2.4335	-0.0047
2.4193	-0.0047
2.4050	-0.0046
2.3907	-0.0048
2.3763	-0.0045
2.3619	-0.0046
2.3475	-0.0047
2.3332	-0.0046
2.3189	-0.0041
2.3046	-0.0039
2.2906	-0.0039
2.2768	-0.0039
2.2632	-0.0038
2.2501	-0.0032
2.2373	-0.0029
2.2249	-0.0027
2.2130	-0.0026
2.2016	-0.0027
2.1904	-0.0028
2.1794	-0.0031
2.1685	-0.0032
2.1576	-0.0033
2.1465	-0.0036
2.1353	-0.0037
2.1237	-0.0039
2.1116	-0.0042
2.0990	-0.0044
2.0857	-0.0045
2.0717	-0.0050
2.0571	-0.0051
2.0419	-0.0051
2.0261	-0.0053
2.0097	-0.0058
1.9927	-0.0058
1.9753	-0.0058
1.9575	-0.0059
1.9393	-0.0059
1.9209	-0.0059
1.9023	-0.0059
1.8835	-0.0056
1.8645	-0.0055
1.8453	-0.0057
1.8260	-0.0057
1.8065	-0.0056
1.7870	-0.0055
1.7673	-0.0054
1.7476	-0.0052
1.7278	-0.0049
1.7080	-0.0048
1.6881	-0.0046
1.6683	-0.0046
1.6485	-0.0045
1.6288	-0.0044
1.6090	-0.0047
1.5893	-0.0047
1.5695	-0.0045
1.5497	-0.0043
1.5299	-0.0042
1.5100	-0.0042
1.4902	-0.0044
1.4703	-0.0047
1.4505	-0.0045
1.4308	-0.0044
1.4111	-0.0042
1.3914	-0.0039
1.3719	-0.0041
1.3524	-0.0041
1.3331	-0.0040
1.3139	-0.0039
1.2948	-0.0039
1.2759	-0.0038
1.2571	-0.0040
1.2384	-0.0040
1.2199	-0.0041
1.2015	-0.0042
1.1831	-0.0043
1.1648	-0.0040
1.1465	-0.0039
1.1283	-0.0038
1.1101	-0.0036
1.0918	-0.0035
1.0736	-0.0037
1.0553	-0.0039
1.0370	-0.0037
1.0187	-0.0031
1.0002	-0.0026
0.9817	-0.0028
0.9632	-0.0031
0.9446	-0.0031
0.9259	-0.0029
0.9073	-0.0029
0.8885	-0.0031
0.8698	-0.0032
0.8510	-0.0032
0.8322	-0.0030
0.8134	-0.0028
0.7946	-0.0027
0.7759	-0.0025
0.7571	-0.0025
0.7384	-0.0025
0.7196	-0.0028
0.7010	-0.0027
0.6824	-0.0026
0.6639	-0.0026
0.6454	-0.0026
0.6271	-0.0029
0.6088	-0.0026
0.5906	-0.0023
0.5724	-0.0017
0.5544	-0.0018
0.5364	-0.0019
0.5184	-0.0021
0.5005	-0.0020
0.4825	-0.0019
0.4646	-0.0019
0.4468	-0.0019
0.4289	-0.0019
0.4111	-0.0018
0.3933	-0.0022
0.3755	-0.0023
0.3577	-0.0020
0.3399	-0.0018
0.3221	-0.0017
0.3043	-0.0017
0.2866	-0.0016
0.2689	-0.0012
0.2512	-0.0011
0.2335	-0.0014
0.2158	-0.0015
0.1981	-0.0016
0.1805	-0.0017
0.1628	-0.0017
0.1451	-0.0016
0.1274	-0.0014
0.1097	-0.0014
0.0921	-0.0016
0.0744	-0.0013
0.0569	-0.0011
0.0394	-0.0011
0.0220	-0.0012
0.0048	-0.0008
-0.0124	-0.0006
-0.0294	-0.0006
-0.0462	-0.0005
-0.0630	-0.0005
-0.0795	-0.0003
-0.0960	0.0000
-0.1122	0.0000
-0.1284	-0.0000
-0.1444	0.0001
-0.1602	0.0004
-0.1760	0.0002
-0.1916	0.0002
-0.2071	0.0003
-0.2225	0.0003
-0.2377	0.0001
-0.2528	-0.0003
-0.2677	-0.0004
-0.2825	-0.0001
-0.2971	-0.0000
-0.3116	-0.0001
-0.3259	-0.0000
-0.3401	-0.0001
-0.3542	-0.0001
-0.3681	0.0000
-0.3820	0.0001
-0.3958	-0.0000
-0.4096	0.0000
-0.4233	0.0000
-0.4369	0.0001
-0.4505	0.0003
-0.4641	-0.0000
-0.4775	-0.0002
-0.4908	-0.0003
-0.5041	-0.0001
-0.5173	0.0001
-0.5306	0.0001
-0.5441	-0.0000
-0.5578	0.0001
-0.5718	-0.0000
-0.5860	-0.0003
-0.6003	-0.0004
-0.6147	-0.0004
-0.6291	-0.0004
-0.6435	-0.0002
-0.6580	-0.0001
-0.6724	-0.0001
-0.6869	-0.0000
-0.7014	0.0001
-0.7159	0.0001
-0.7306	0.0000
-0.7452	-0.0001
-0.7599	-0.0004
-0.7745	-0.0007
-0.7892	-0.0006
-0.8039	-0.0002
-0.8186	-0.0001
-0.8334	-0.0001
-0.8481	-0.0001
-0.8629	-0.0001
-0.8778	-0.0002
-0.8927	-0.0002
-0.9077	-0.0003
-0.9228	-0.0001
-0.9380	0.0000
-0.9533	0.0002
-0.9686	0.0003
-0.9841	0.0004
-0.9995	0.0003
-1.0150	0.0004
-1.0305	0.0003
-1.0461	0.0000
-1.0617	0.0002
-1.0773	0.0001
-1.0930	0.0003
-1.1087	0.0003
-1.1245	0.0003
-1.1403	0.0004
-1.1561	0.0004
-1.1720	0.0001
-1.1878	0.0001
-1.2037	0.0001
-1.2195	-0.0002
-1.2355	-0.0003
-1.2515	-0.0001
-1.2675	-0.0000
-1.2836	-0.0000
-1.2997	-0.0000
-1.3160	0.0001
-1.3322	0.0003
-1.3486	0.0002
-1.3649	0.0002
-1.3813	0.0001
-1.3976	-0.0001
-1.4141	-0.0002
-1.4305	0.0002
-1.4469	0.0004
-1.4634	0.0003
-1.4799	0.0003
-1.4964	0.0001
-1.5129	0.0001
-1.5294	0.0005
-1.5460	0.0004
-1.5626	0.0005
-1.5792	0.0007
-1.5957	0.0004
-1.6122	0.0005
-1.6288	0.0004
-1.6453	0.0005
-1.6618	0.0007
-1.6783	0.0007
-1.6948	0.0004
-1.7112	0.0005
-1.7277	0.0007
-1.7442	0.0007
-1.7606	0.0009
-1.7771	0.0007
-1.7935	0.0008
-1.8100	0.0006
-1.8265	0.0008
-1.8429	0.0008
-1.8593	0.0013
-1.8757	0.0013
-1.8920	0.0012
-1.9084	0.0011
-1.9246	0.0012
-1.9409	0.0013
-1.9571	0.0014
-1.9732	0.0012
-1.9894	0.0012
-2.0055	0.0015
-2.0215	0.0018
-2.0375	0.0015
-2.0535	0.0014
-2.0694	0.0016
-2.0853	0.0014
-2.1011	0.0012
-2.1168	0.0011
-2.1324	0.0011
-2.1480	0.0010
-2.1635	0.0013
-2.1789	0.0015
-2.1942	0.0013
-2.2094	0.0013
-2.2244	0.0016
-2.2392	0.0019
-2.2537	0.0020
-2.2679	0.0022
-2.2817	0.0023
-2.2950	0.0025
-2.3079	0.0029
-2.3201	0.0034
-2.3318	0.0038
-2.3428	0.0041
-2.3533	0.0042
-2.3631	0.0043
-2.3724	0.0045
-2.3813	0.0047
-2.3898	0.0045
-2.3981	0.0040
-2.4064	0.0036
-2.4147	0.0034
-2.4232	0.0031
-2.4321	0.0029
-2.4414	0.0026
-2.4512	0.0023
-2.4616	0.0020
-2.4725	0.0018
-2.4839	0.0016
-2.4959	0.0013
-2.5083	0.0012
-2.5210	0.0011
-2.5341	0.0009
-2.5474	0.0013
-2.5609	0.0015
-2.5745	0.0018
-2.5883	0.0016
-2.6020	0.0016
-2.6158	0.0017
-2.6295	0.0018
-2.6431	0.0018
-2.6566	0.0019
-2.6699	0.0019
-2.6832	0.0021
-2.6962	0.0027
-2.7092	0.0029
-2.7220	0.0029
-2.7347	0.0027
-2.7472	0.0027
-2.7597	0.0028
-2.7720	0.0030
-2.7842	0.0031
-2.7962	0.0031
-2.8082	0.0034
-2.8199	0.0034
-2.8315	0.0033
-2.8430	0.0032
-2.8542	0.0034
-2.8653	0.0038
-2.8762	0.0041
-2.8869	0.0037
-2.8975	0.0035
-2.9079	0.0035
-2.9181	0.0034
-2.9282	0.0033
-2.9381	0.0032
-2.9480	0.0031
-2.9578	0.0030
-2.9676	0.0032
-2.9773	0.0033
-2.9871	0.0033
-2.9969	0.0031
-3.0069	0.0029
-3.0169	0.0029
-3.0271	0.0028
-3.0374	0.0025
-3.0480	0.0026
-3.0589	0.0028
-3.0700	0.0029
-3.0814	0.0029
-3.0931	0.0026
-3.1051	0.0023
-3.1175	0.0022
-3.1302	0.0022
-3.1432	0.0024
-3.1564	0.0025
-3.1699	0.0023
-3.1835	0.0021
-3.1973	0.0022
-3.2111	0.0021
-3.2250	0.0024
-3.2388	0.0025
-3.2526	0.0025
-3.2663	0.0024
-3.2798	0.0023
-3.2931	0.0021
-3.3061	0.0024
-3.3188	0.0025
-3.3313	0.0026
-3.3434	0.0025
-3.3551	0.0027
-3.3666	0.0029
-3.3779	0.0031
-3.3889	0.0034
-3.3997	0.0035
-3.4103	0.0040
-3.4207	0.0039
-3.4309	0.0039
-3.4411	0.0040
-3.4511	0.0041
-3.4610	0.0041
-3.4708	0.0043
-3.4806	0.0043
-3.4902	0.0043
-3.4998	0.0040
-3.5094	0.0040
-3.5190	0.0039
-3.5285	0.0038
-3.5381	0.0038
-3.5476	0.0038
-3.5572	0.0038
-3.5668	0.0036
-3.5765	0.0036
-3.5861	0.0035
-3.5958	0.0035
-3.6056	0.0033
-3.6153	0.0031
-3.6251	0.0031
-3.6349	0.0034
-3.6446	0.0035
-3.6544	0.0038
-3.6641	0.0037
-3.6738	0.0035
-3.6834	0.0035
-3.6930	0.0036
-3.7025	0.0038
-3.7120	0.0039
-3.7214	0.0037
-3.7308	0.0033
-3.7402	0.0032
-3.7495	0.0034
-3.7587	0.0038
-3.7679	0.0038
-3.7771	0.0035
-3.7863	0.0033
-3.7954	0.0034
-3.8044	0.0034
-3.8133	0.0035
-3.8222	0.0037
-3.8310	0.0035
-3.8398	0.0037
-3.8484	0.0038
-3.8570	0.0039
-3.8654	0.0042
-3.8738	0.0042
-3.8821	0.0041
-3.8902	0.0043
-3.8983	0.0044
-3.9062	0.0041
-3.9141	0.0039
-3.9218	0.0038
-3.9295	0.0038
-3.9371	0.0039
-3.9447	0.0038
-3.9522	0.0040
-3.9597	0.0041
-3.9671	0.0041
-3.9745	0.0040
-3.9819	0.0038
-3.9892	0.0039
-3.9966	0.0041
-4.0039	0.0041
-4.0112	0.0040
-4.0184	0.0038
-4.0257	0.0037
-4.0329	0.0039
-4.0400	0.0040
-4.0471	0.0038
-4.0542	0.0039
-4.0612	0.0041
-4.0681	0.0042
-4.0749	0.0042
-4.0817	0.0041
-4.0884	0.0041
-4.0950	0.0042
-4.1016	0.0042
-4.1080	0.0042
-4.1144	0.0041
-4.1208	0.0039
-4.1270	0.0035
-4.1332	0.0036
-4.1392	0.0037
-4.1452	0.0037
-4.1511	0.0037
-4.1569	0.0040
-4.1627	0.0043
-4.1684	0.0045
-4.1740	0.0046
-4.1795	0.0045
-4.1849	0.0044
-4.1903	0.0042
-4.1956	0.0043
-4.2008	0.0043
-4.2059	0.0042
-4.2109	0.0044
-4.2158	0.0044
-4.2206	0.0042
-4.2253	0.0039
-4.2299	0.0039
-4.2344	0.0040
-4.2389	0.0040
-4.2433	0.0040
-4.2476	0.0039
-4.2518	0.0040
-4.2560	0.0038
-4.2601	0.0040
-4.2642	0.0042
-4.2682	0.0043
-4.2721	0.0044
-4.2760	0.0041
-4.2799	0.0041
-4.2837	0.0042
-4.2875	0.0044
-4.2913	0.0043
-4.2951	0.0042
-4.2989	0.0039
-4.3026	0.0037
-4.3064	0.0036
-4.3101	0.0036
-4.3137	0.0036
-4.3174	0.0038
-4.3210	0.0036
-4.3246	0.0034
-4.3281	0.0035
-4.3316	0.0034
-4.3351	0.0031
-4.3386	0.0031
-4.3420	0.0033
-4.3455	0.0034
-4.3488	0.0036
-4.3522	0.0037
-4.3556	0.0039
-4.3589	0.0041
-4.3622	0.0043
-4.3655	0.0043
-4.3688	0.0043
-4.3721	0.0043
-4.3753	0.0044
-4.3785	0.0043
-4.3818	0.0042
-4.3849	0.0042
-4.3881	0.0045
-4.3913	0.0043
-4.3944	0.0037
-4.3976	0.0035
-4.4007	0.0033
-4.4038	0.0033
-4.4069	0.0034
-4.4100	0.0036
-4.4130	0.0034
-4.4160	0.0036
-4.4191	0.0036
-4.4221	0.0037
-4.4251	0.0037
-4.4281	0.0035
-4.4310	0.0035
-4.4340	0.0036
-4.4369	0.0036
-4.4398	0.0036
-4.4426	0.0035
-4.4455	0.0034
-4.4483	0.0035
-4.4512	0.0035
-4.4539	0.0037
-4.4567	0.0033
-4.4595	0.0032
-4.4622	0.0030
-4.4648	0.0030
-4.4675	0.0030
-4.4701	0.0031
-4.4727	0.0031
-4.4752	0.0034
-4.4777	0.0035
-4.4801	0.0035
-4.4825	0.0035
-4.4849	0.0037
-4.4872	0.0038
-4.4895	0.0036
-4.4918	0.0033
-4.4940	0.0032
-4.4962	0.0033
-4.4983	0.0033
-4.5004	0.0032
-4.5024	0.0034
-4.5044	0.0036
-4.5064	0.0035
-4.5083	0.0037
-4.5101	0.0038
-4.5120	0.0038
-4.5138	0.0038
-4.5156	0.0038
-4.5173	0.0038
-4.5190	0.0037
-4.5206	0.0037
-4.5222	0.0036
-4.5237	0.0036
-4.5252	0.0037
-4.5266	0.0039
-4.5280	0.0039
-4.5292	0.0039
-4.5304	0.0037
-4.5316	0.0036
-4.5326	0.0037
-4.5336	0.0036
-4.5345	0.0034
-4.5353	0.0035
-4.5360	0.0035
-4.5367	0.0036
-4.5373	0.0039
-4.5379	0.0041
-4.5384	0.0041
-4.5389	0.0040
-4.5394	0.0037
-4.5397	0.0037
-4.5400	0.0036
-4.5402	0.0036
-4.5403	0.0035
-4.5403	0.0038
-4.5401	0.0038
-4.5399	0.0036
-4.5395	0.0036
-4.5390	0.0039
-4.5384	0.0039
-4.5376	0.0038
-4.5368	0.0040
-4.5357	0.0038
-4.5346	0.0036
-4.5332	0.0036
-4.5317	0.0036
-4.5300	0.0036
-4.5281	0.0039
-4.5260	0.0042
-4.5236	0.0044
-4.5211	0.0042
-4.5184	0.0042
-4.5154	0.0043
-4.5122	0.0046
-4.5086	0.0045
-4.5047	0.0046
-4.5004	0.0046
-4.4958	0.0046
-4.4907	0.0046
-4.4852	0.0047
-4.4793	0.0045
-4.4729	0.0043
-4.4661	0.0044
-4.4586	0.0045
-4.4509	0.0044
-4.4429	0.0042
-4.4346	0.0041
-4.4261	0.0042
-4.4174	0.0040
-4.4084	0.0036
-4.3992	0.0046
-4.3897	0.0060
-4.3802	0.0061
-4.3706	0.0054
-4.3610	0.0050
-4.3512	0.0053
-4.3413	0.0055
-4.3315	0.0053
-4.3218	0.0049
-4.3121	0.0048
-4.3025	0.0047
-4.2930	0.0044
-4.2837	0.0041
-4.2745	0.0040
-4.2654	0.0039
-4.2565	0.0037
-4.2478	0.0033
-4.2392	0.0031
-4.2309	0.0031
-4.2227	0.0031
-4.2147	0.0034
-4.2068	0.0031
-4.1991	0.0029
-4.1915	0.0029
-4.1840	0.0027
-4.1767	0.0027
-4.1695	0.0027
-4.1623	0.0027
-4.1553	0.0025
-4.1484	0.0026
-4.1415	0.0025
-4.1346	0.0026
-4.1278	0.0027
-4.1210	0.0026
-4.1142	0.0026
-4.1074	0.0024
-4.1006	0.0024
-4.0938	0.0025
-4.0869	0.0023
-4.0800	0.0024
-4.0731	0.0021
-4.0661	0.0020
-4.0590	0.0020
-4.0518	0.0023
-4.0446	0.0024
-4.0373	0.0025
-4.0300	0.0027
-4.0226	0.0029
-4.0152	0.0028
-4.0077	0.0025
-4.0002	0.0025
-3.9926	0.0028
-3.9850	0.0026
-3.9774	0.0025
-3.9697	0.0024
-3.9619	0.0025
-3.9540	0.0025
-3.9461	0.0026
-3.9381	0.0027
-3.9301	0.0026
-3.9220	0.0026
-3.9138	0.0025
-3.9055	0.0026
-3.8972	0.0024
-3.8888	0.0022
-3.8803	0.0024
-3.8718	0.0026
-3.8632	0.0027
-3.8546	0.0027
-3.8459	0.0026
-3.8372	0.0027
-3.8285	0.0025
-3.8197	0.0026
-3.8110	0.0025
-3.8023	0.0023
-3.7935	0.0021
-3.7848	0.0022
-3.7762	0.0021
-3.7675	0.0019
-3.7590	0.0020
-3.7503	0.0022
-3.7417	0.0021
-3.7330	0.0023
-3.7243	0.0023
-3.7155	0.0023
-3.7066	0.0024
-3.6976	0.0025
-3.6886	0.0024
-3.6794	0.0024
-3.6701	0.0021
-3.6607	0.0020
-3.6513	0.0019
-3.6417	0.0022
-3.6322	0.0025
-3.6225	0.0025
-3.6128	0.0026
-3.6031	0.0028
-3.5932	0.0029
-3.5833	0.0029
-3.5733	0.0030
-3.5631	0.0026
-3.5529	0.0023
-3.5425	0.0023
-3.5320	0.0023
-3.5213	0.0022
-3.5106	0.0018
-3.4997	0.0019
-3.4887	0.0020
-3.4777	0.0021
-3.4666	0.0022
-3.4555	0.0020
-3.4444	0.0020
-3.4334	0.0022
-3.4224	0.0019
-3.4114	0.0019
-3.4004	0.0017
-3.3894	0.0016
-3.3784	0.0016
-3.3673	0.0017
-3.3562	0.0017
-3.3450	0.0014
-3.3338	0.0014
-3.3224	0.0014
-3.3110	0.0016
-3.2995	0.0017
-3.2879	0.0020
-3.2761	0.0022
-3.2643	0.0022
-3.2524	0.0020
-3.2404	0.0020
-3.2284	0.0019
-3.2162	0.0018
-3.2039	0.0017
-3.1916	0.0019
-3.1792	0.0018
-3.1667	0.0016
-3.1542	0.0017
-3.1416	0.0014
-3.1289	0.0014
-3.1162	0.0012
-3.1035	0.0012
-3.0908	0.0015
-3.0781	0.0014
-3.0654	0.0014
-3.0527	0.0018
-3.0401	0.0018
-3.0275	0.0017
-3.0150	0.0017
-3.0025	0.0019
-2.9900	0.0019
-2.9775	0.0021
-2.9650	0.0020
-2.9524	0.0018
-2.9398	0.0017
-2.9271	0.0017
-2.9143	0.0015
-2.9013	0.0014
-2.8882	0.0013
-2.8750	0.0010
-2.8616	0.0013
-2.8482	0.0016
-2.8347	0.0019
-2.8211	0.0019
-2.8075	0.0017
-2.7938	0.0013
-2.7801	0.0013
-2.7664	0.0013
-2.7527	0.0013
-2.7390	0.0014
-2.7252	0.0016
-2.7115	0.0015
-2.6978	0.0015
-2.6841	0.0015
-2.6705	0.0012
-2.6568	0.0013
-2.6431	0.0013
-2.6295	0.0013
-2.6158	0.0012
-2.6021	0.0013
-2.5884	0.0014
-2.5747	0.0014
-2.5610	0.0012
-2.5471	0.0012
-2.5333	0.0011
-2.5195	0.0009
-2.5056	0.0009
-2.4916	0.0010
-2.4776	0.0011
-2.4635	0.0014
-2.4493	0.0010
-2.4351	0.0010
-2.4209	0.0011
