-0.0026	0.6054
-0.0087	0.6248
-0.0147	0.6428
-0.0206	0.6594
-0.0266	0.6742
-0.0326	0.6864
-0.0386	0.6954
-0.0447	0.7009
-0.0508	0.7017
-0.0569	0.6975
-0.0631	0.6886
-0.0694	0.6739
-0.0759	0.6522
-0.0824	0.6238
-0.0890	0.5881
-0.0958	0.5448
-0.1028	0.4944
-0.1099	0.4369
-0.1173	0.3723
-0.1248	0.3009
-0.1325	0.2240
-0.1405	0.1423
-0.1487	0.0584
-0.1570	-0.0266
-0.1656	-0.1112
-0.1744	-0.1932
-0.1832	-0.2709
-0.1922	-0.3425
-0.2013	-0.4054
-0.2105	-0.4579
-0.2196	-0.4986
-0.2288	-0.5264
-0.2378	-0.5400
-0.2467	-0.5391
-0.2555	-0.5234
-0.2640	-0.4936
-0.2724	-0.4516
-0.2805	-0.3983
-0.2883	-0.3362
-0.2959	-0.2683
-0.3032	-0.1976
-0.3104	-0.1279
-0.3173	-0.0614
-0.3241	-0.0015
-0.3308	0.0486
-0.3374	0.0865
-0.3441	0.1113
-0.3508	0.1229
-0.3576	0.1210
-0.3646	0.1053
-0.3718	0.0782
-0.3793	0.0419
-0.3871	-0.0005
-0.3951	-0.0452
-0.4035	-0.0887
-0.4121	-0.1275
-0.4210	-0.1584
-0.4300	-0.1790
-0.4393	-0.1880
-0.4486	-0.1855
-0.4580	-0.1717
-0.4675	-0.1482
-0.4771	-0.1176
-0.4867	-0.0834
-0.4963	-0.0490
-0.5062	-0.0177
-0.5162	0.0068
-0.5264	0.0220
-0.5369	0.0267
-0.5477	0.0205
-0.5589	0.0045
-0.5704	-0.0192
-0.5824	-0.0474
-0.5947	-0.0763
-0.6072	-0.1037
-0.6200	-0.1253
-0.6329	-0.1383
-0.6459	-0.1407
-0.6589	-0.1321
-0.6719	-0.1149
-0.6848	-0.0912
-0.6976	-0.0643
-0.7102	-0.0389
-0.7228	-0.0178
-0.7352	-0.0046
-0.7475	-0.0013
-0.7597	-0.0081
-0.7719	-0.0233
-0.7839	-0.0458
-0.7959	-0.0704
-0.8077	-0.0930
-0.8194	-0.1105
-0.8308	-0.1196
-0.8421	-0.1180
-0.8530	-0.1057
-0.8637	-0.0853
-0.8742	-0.0610
-0.8843	-0.0375
-0.8942	-0.0181
-0.9039	-0.0067
-0.9134	-0.0052
-0.9227	-0.0141
-0.9320	-0.0315
-0.9412	-0.0538
-0.9503	-0.0763
-0.9594	-0.0951
-0.9683	-0.1065
-0.9771	-0.1088
-0.9858	-0.1012
-0.9943	-0.0849
-1.0026	-0.0635
-1.0108	-0.0421
-1.0188	-0.0246
-1.0267	-0.0152
-1.0346	-0.0161
-1.0424	-0.0263
-1.0502	-0.0440
-1.0581	-0.0651
-1.0660	-0.0852
-1.0740	-0.0998
-1.0819	-0.1056
-1.0898	-0.1017
-1.0976	-0.0889
-1.1054	-0.0701
-1.1131	-0.0497
-1.1208	-0.0318
-1.1284	-0.0206
-1.1360	-0.0195
-1.1437	-0.0276
-1.1514	-0.0436
-1.1592	-0.0631
-1.1670	-0.0811
-1.1749	-0.0938
-1.1828	-0.0984
-1.1906	-0.0937
-1.1985	-0.0811
-1.2062	-0.0636
-1.2139	-0.0453
-1.2215	-0.0303
-1.2291	-0.0231
-1.2367	-0.0244
-1.2443	-0.0337
-1.2520	-0.0493
-1.2596	-0.0668
-1.2674	-0.0825
-1.2751	-0.0922
-1.2828	-0.0940
-1.2904	-0.0870
-1.2980	-0.0738
-1.3056	-0.0577
-1.3130	-0.0423
-1.3204	-0.0313
-1.3277	-0.0271
-1.3350	-0.0304
-1.3422	-0.0418
-1.3495	-0.0572
-1.3567	-0.0726
-1.3638	-0.0839
-1.3709	-0.0884
-1.3779	-0.0855
-1.3847	-0.0764
-1.3915	-0.0627
-1.3981	-0.0480
-1.4047	-0.0353
-1.4112	-0.0278
-1.4176	-0.0269
-1.4241	-0.0334
-1.4305	-0.0453
-1.4370	-0.0589
-1.4435	-0.0717
-1.4501	-0.0805
-1.4566	-0.0828
-1.4630	-0.0790
-1.4695	-0.0699
-1.4759	-0.0576
-1.4822	-0.0451
-1.4885	-0.0348
-1.4949	-0.0301
-1.5013	-0.0310
-1.5077	-0.0379
-1.5143	-0.0489
-1.5210	-0.0612
-1.5277	-0.0717
-1.5345	-0.0781
-1.5414	-0.0796
-1.5483	-0.0760
-1.5552	-0.0680
-1.5620	-0.0571
-1.5687	-0.0465
-1.5753	-0.0383
-1.5819	-0.0348
-1.5883	-0.0362
-1.5947	-0.0419
-1.6009	-0.0504
-1.6071	-0.0596
-1.6133	-0.0686
-1.6193	-0.0748
-1.6253	-0.0768
-1.6312	-0.0749
-1.6371	-0.0683
-1.6429	-0.0597
-1.6487	-0.0499
-1.6545	-0.0413
-1.6603	-0.0358
-1.6661	-0.0346
-1.6720	-0.0376
-1.6779	-0.0439
-1.6839	-0.0516
-1.6900	-0.0601
-1.6962	-0.0673
-1.7024	-0.0716
-1.7087	-0.0728
-1.7150	-0.0703
-1.7214	-0.0652
-1.7278	-0.0582
-1.7342	-0.0501
-1.7406	-0.0432
-1.7471	-0.0393
-1.7536	-0.0382
-1.7601	-0.0400
-1.7666	-0.0450
-1.7732	-0.0518
-1.7798	-0.0592
-1.7863	-0.0659
-1.7929	-0.0714
-1.7995	-0.0750
-1.8060	-0.0756
-1.8124	-0.0732
-1.8188	-0.0686
-1.8251	-0.0619
-1.8313	-0.0549
-1.8374	-0.0483
-1.8434	-0.0434
-1.8494	-0.0405
-1.8553	-0.0407
-1.8613	-0.0431
-1.8672	-0.0470
-1.8730	-0.0524
-1.8789	-0.0589
-1.8847	-0.0652
-1.8905	-0.0707
-1.8962	-0.0746
-1.9019	-0.0769
-1.9075	-0.0765
-1.9129	-0.0738
-1.9183	-0.0698
-1.9236	-0.0645
-1.9288	-0.0590
-1.9339	-0.0535
-1.9389	-0.0483
-1.9439	-0.0448
-1.9487	-0.0425
-1.9535	-0.0411
-1.9583	-0.0422
-1.9630	-0.0447
-1.9676	-0.0488
-1.9723	-0.0532
-1.9769	-0.0585
-1.9815	-0.0637
-1.9861	-0.0682
-1.9908	-0.0720
-1.9954	-0.0741
-2.0001	-0.0747
-2.0048	-0.0745
-2.0096	-0.0735
-2.0143	-0.0717
-2.0192	-0.0691
-2.0240	-0.0658
-2.0289	-0.0622
-2.0337	-0.0589
-2.0386	-0.0556
-2.0434	-0.0527
-2.0482	-0.0508
-2.0530	-0.0491
-2.0577	-0.0483
-2.0623	-0.0478
-2.0667	-0.0478
-2.0710	-0.0487
-2.0752	-0.0497
-2.0792	-0.0516
-2.0830	-0.0535
-2.0866	-0.0559
-2.0901	-0.0583
-2.0934	-0.0603
-2.0964	-0.0632
-2.0994	-0.0664
-2.1021	-0.0692
-2.1047	-0.0713
-2.1072	-0.0732
-2.1095	-0.0751
-2.1118	-0.0764
-2.1140	-0.0765
-2.1163	-0.0766
-2.1187	-0.0766
-2.1212	-0.0766
-2.1240	-0.0757
-2.1270	-0.0735
-2.1304	-0.0723
-2.1341	-0.0706
-2.1382	-0.0682
-2.1426	-0.0655
-2.1473	-0.0625