-1.2429	-0.0224
-1.2320	-0.0328
-1.2214	-0.0332
-1.2110	-0.0339
-1.2008	-0.0349
-1.1907	-0.0353
-1.1807	-0.0354
-1.1708	-0.0357
-1.1611	-0.0362
-1.1515	-0.0363
-1.1420	-0.0365
-1.1325	-0.0369
-1.1232	-0.0374
-1.1140	-0.0385
-1.1048	-0.0391
-1.0958	-0.0392
-1.0868	-0.0391
-1.0779	-0.0391
-1.0690	-0.0395
-1.0603	-0.0397
-1.0516	-0.0402
-1.0429	-0.0410
-1.0343	-0.0415
-1.0258	-0.0419
-1.0174	-0.0424
-1.0090	-0.0432
-1.0006	-0.0437
-0.9922	-0.0438
-0.9838	-0.0434
-0.9754	-0.0432
-0.9669	-0.0434
-0.9584	-0.0433
-0.9498	-0.0433
-0.9412	-0.0430
-0.9324	-0.0429
-0.9237	-0.0433
-0.9148	-0.0440
-0.9059	-0.0446
-0.8969	-0.0452
-0.8879	-0.0459
-0.8789	-0.0464
-0.8698	-0.0468
-0.8607	-0.0473
-0.8515	-0.0476
-0.8424	-0.0481
-0.8332	-0.0483
-0.8240	-0.0488
-0.8149	-0.0496
-0.8057	-0.0503
-0.7965	-0.0504
-0.7874	-0.0508
-0.7784	-0.0508
-0.7693	-0.0509
-0.7604	-0.0511
-0.7515	-0.0516
-0.7426	-0.0523
-0.7339	-0.0530
-0.7252	-0.0534
-0.7166	-0.0539
-0.7081	-0.0540
-0.6996	-0.0544
-0.6912	-0.0546
-0.6829	-0.0550
-0.6746	-0.0554
-0.6664	-0.0556
-0.6583	-0.0557
-0.6501	-0.0557
-0.6420	-0.0558
-0.6340	-0.0558
-0.6259	-0.0559
-0.6179	-0.0557
-0.6098	-0.0556
-0.6018	-0.0556
-0.5937	-0.0556
-0.5857	-0.0552
-0.5777	-0.0553
-0.5696	-0.0554
-0.5616	-0.0556
-0.5535	-0.0556
-0.5454	-0.0555
-0.5373	-0.0553
-0.5292	-0.0553
-0.5211	-0.0556
-0.5129	-0.0557
-0.5047	-0.0559
-0.4964	-0.0561
-0.4882	-0.0561
-0.4799	-0.0561
-0.4716	-0.0560
-0.4633	-0.0556
-0.4550	-0.0553
-0.4467	-0.0547
-0.4383	-0.0542
-0.4299	-0.0538
-0.4216	-0.0536
-0.4132	-0.0535
-0.4048	-0.0533
-0.3964	-0.0530
-0.3879	-0.0528
-0.3795	-0.0527
-0.3711	-0.0524
-0.3627	-0.0520
-0.3543	-0.0515
-0.3459	-0.0509
-0.3375	-0.0506
-0.3292	-0.0503
-0.3208	-0.0501
-0.3124	-0.0498
-0.3041	-0.0498
-0.2958	-0.0494
-0.2875	-0.0488
-0.2792	-0.0487
-0.2709	-0.0482
-0.2627	-0.0480
-0.2545	-0.0475
-0.2463	-0.0473
-0.2382	-0.0472
-0.2300	-0.0471
-0.2220	-0.0469
-0.2139	-0.0472
-0.2059	-0.0476
-0.1980	-0.0479
-0.1901	-0.0480
-0.1822	-0.0478
-0.1744	-0.0478
-0.1666	-0.0480
-0.1588	-0.0481
-0.1511	-0.0480
-0.1434	-0.0478
-0.1358	-0.0483
-0.1282	-0.0483
-0.1207	-0.0475
-0.1132	-0.0476
-0.1057	-0.0476
-0.0983	-0.0477
-0.0909	-0.0477
-0.0836	-0.0481
-0.0763	-0.0482
-0.0691	-0.0477
-0.0619	-0.0479
-0.0547	-0.0480
-0.0476	-0.0483
-0.0404	-0.0484
-0.0334	-0.0487
-0.0263	-0.0492
-0.0193	-0.0490
-0.0123	-0.0485
-0.0053	-0.0481
0.0017	-0.0476
0.0086	-0.0468
0.0156	-0.0466
0.0225	-0.0467
0.0295	-0.0466
0.0364	-0.0464
0.0433	-0.0459
0.0502	-0.0455
0.0571	-0.0448
0.0640	-0.0441
0.0709	-0.0434
0.0778	-0.0431
0.0847	-0.0429
0.0916	-0.0425
0.0985	-0.0425
0.1054	-0.0426
0.1124	-0.0427
0.1192	-0.0431
0.1261	-0.0430
0.1330	-0.0429
0.1399	-0.0425
0.1467	-0.0418
0.1536	-0.0412
0.1605	-0.0409
0.1674	-0.0412
0.1743	-0.0409
0.1812	-0.0406
0.1880	-0.0405
0.1949	-0.0399
0.2018	-0.0391
0.2087	-0.0387
0.2156	-0.0387
0.2225	-0.0383
0.2294	-0.0383
0.2364	-0.0383
0.2433	-0.0382
0.2502	-0.0380
0.2571	-0.0379
0.2640	-0.0377
0.2709	-0.0377
0.2779	-0.0379
0.2848	-0.0377
0.2918	-0.0378
0.2988	-0.0380
0.3058	-0.0377
0.3129	-0.0375
0.3200	-0.0373
0.3271	-0.0368
0.3343	-0.0365
0.3415	-0.0363
0.3488	-0.0361
0.3562	-0.0357
0.3637	-0.0354
0.3714	-0.0348
0.3792	-0.0340
0.3871	-0.0334
0.3952	-0.0325
0.4035	-0.0314
0.4120	-0.0306
0.4207	-0.0302
0.4295	-0.0298
0.4385	-0.0297
0.4476	-0.0295
0.4569	-0.0291
0.4664	-0.0286
0.4761	-0.0283
0.4860	-0.0276
0.4961	-0.0271
0.5064	-0.0260
0.5171	-0.0253
0.5280	-0.0245
0.5392	-0.0234
0.5506	-0.0221
0.5624	-0.0210
0.5744	-0.0200
0.5867	-0.0194
0.5991	-0.0187
0.6117	-0.0186
0.6245	-0.0187
0.6373	-0.0195
0.6501	-0.0208
0.6630	-0.0222
0.6759	-0.0235
0.6888	-0.0247
0.7017	-0.0259
0.7144	-0.0265
0.7272	-0.0273
0.7398	-0.0277
0.7522	-0.0281
0.7646	-0.0289
0.7767	-0.0297
0.7887	-0.0308
0.8004	-0.0317
0.8120	-0.0323
0.8233	-0.0330
0.8344	-0.0339
0.8453	-0.0350
0.8560	-0.0360
0.8665	-0.0371
0.8767	-0.0378
0.8868	-0.0386
0.8967	-0.0386
0.9064	-0.0385
0.9159	-0.0385
0.9252	-0.0381
0.9344	-0.0378
0.9434	-0.0378
0.9523	-0.0373
0.9611	-0.0372
0.9697	-0.0369
0.9782	-0.0368
0.9866	-0.0366
0.9949	-0.0360
1.0031	-0.0355
1.0112	-0.0351
1.0192	-0.0348
1.0271	-0.0341
1.0350	-0.0335
1.0428	-0.0327
1.0505	-0.0323
1.0583	-0.0320
1.0660	-0.0316
1.0737	-0.0315
1.0814	-0.0310
1.0890	-0.0309
1.0967	-0.0306
1.1044	-0.0302
1.1121	-0.0296
1.1198	-0.0290
1.1275	-0.0283
1.1352	-0.0278
1.1429	-0.0274
1.1506	-0.0271
1.1583	-0.0270
1.1661	-0.0266
1.1738	-0.0264
1.1815	-0.0263
1.1891	-0.0266
1.1968	-0.0270
1.2044	-0.0270
1.2120	-0.0269
1.2196	-0.0273
1.2272	-0.0272
1.2347	-0.0272
1.2423	-0.0271
1.2498	-0.0265
1.2573	-0.0263
1.2648	-0.0259
1.2724	-0.0256
1.2799	-0.0250
1.2875	-0.0244
1.2950	-0.0241
1.3026	-0.0235
1.3101	-0.0229
1.3176	-0.0226
1.3251	-0.0225
1.3325	-0.0223
1.3399	-0.0222
1.3472	-0.0219
1.3544	-0.0219
1.3615	-0.0216
1.3686	-0.0213
1.3755	-0.0213
1.3824	-0.0218
1.3892	-0.0220
1.3959	-0.0219
1.4026	-0.0222
1.4092	-0.0221
1.4158	-0.0222
1.4224	-0.0221
1.4289	-0.0217
1.4354	-0.0212
1.4418	-0.0207
1.4483	-0.0201
1.4547	-0.0187
1.4612	-0.0183
1.4676	-0.0180
1.4740	-0.0180
1.4805	-0.0181
1.4870	-0.0181
1.4936	-0.0182
1.5002	-0.0185
1.5070	-0.0182
1.5138	-0.0178
1.5206	-0.0169
1.5276	-0.0155
1.5345	-0.0144
1.5415	-0.0133
1.5484	-0.0125
1.5552	-0.0122
1.5619	-0.0121
1.5685	-0.0122
1.5749	-0.0121
1.5812	-0.0124
1.5873	-0.0126
1.5933	-0.0131
1.5992	-0.0133
1.6050	-0.0132
1.6108	-0.0130
1.6165	-0.0132
1.6222	-0.0130
1.6279	-0.0127
1.6337	-0.0122
1.6395	-0.0115
1.6454	-0.0112
1.6513	-0.0108
1.6573	-0.0101
1.6634	-0.0094
1.6696	-0.0090
1.6759	-0.0086
1.6822	-0.0075
1.6886	-0.0068
1.6951	-0.0061
1.7016	-0.0057
1.7082	-0.0055
1.7149	-0.0056
1.7216	-0.0055
1.7283	-0.0054
1.7350	-0.0052
1.7417	-0.0050
1.7484	-0.0045
1.7551	-0.0043
1.7617	-0.0045
1.7684	-0.0046
1.7750	-0.0044
1.7816	-0.0042
1.7881	-0.0035
1.7946	-0.0028
1.8011	-0.0024
1.8074	-0.0024
1.8137	-0.0025
1.8200	-0.0027
1.8261	-0.0030
1.8322	-0.0039
1.8382	-0.0042
1.8442	-0.0046
1.8501	-0.0045
1.8560	-0.0044
1.8618	-0.0041
1.8677	-0.0038
1.8735	-0.0033
1.8793	-0.0024
1.8851	-0.0014
1.8909	-0.0007
1.8966	-0.0004
1.9023	-0.0001
1.9079	-0.0001
1.9134	-0.0003
1.9189	-0.0001
1.9243	0.0000
1.9297	0.0002
1.9349	0.0005
1.9401	0.0004
1.9451	0.0005
1.9501	0.0005
1.9550	0.0005
1.9597	0.0004
1.9644	0.0007
1.9691	0.0011
1.9736	0.0011
1.9781	0.0014
1.9826	0.0016
1.9870	0.0018
1.9914	0.0021
1.9959	0.0021
2.0003	0.0024
2.0048	0.0028
2.0093	0.0034
2.0139	0.0040
2.0185	0.0043
2.0231	0.0045
2.0278	0.0045
2.0325	0.0049
2.0371	0.0053
2.0418	0.0056
2.0465	0.0054
2.0511	0.0052
2.0556	0.0052
2.0599	0.0052
2.0642	0.0054
2.0683	0.0051
2.0722	0.0049
2.0759	0.0049
2.0794	0.0045
2.0828	0.0042
2.0859	0.0041
2.0888	0.0041
2.0915	0.0041
2.0941	0.0044
2.0965	0.0046
2.0988	0.0047
2.1010	0.0046
2.1031	0.0049
2.1052	0.0053
2.1074	0.0059
2.1097	0.0067
2.1123	0.0074
2.1150	0.0079
2.1181	0.0086
2.1214	0.0096
2.1251	0.0110
2.1292	0.0120
2.1336	0.0128
2.1382	0.0135
2.1431	0.0143
2.1483	0.0151
2.1536	0.0155
2.1590	0.0159
2.1646	0.0160
2.1703	0.0159
2.1760	0.0155
2.1818	0.0156
2.1876	0.0158
2.1934	0.0156
2.1994	0.0151
2.2053	0.0152
2.2113	0.0155
2.2174	0.0160
2.2234	0.0162
2.2295	0.0163
2.2356	0.0168
2.2417	0.0170
2.2477	0.0172
2.2537	0.0175
2.2597	0.0174
2.2656	0.0171
2.2714	0.0168
2.2772	0.0165
2.2828	0.0164
2.2884	0.0165
2.2939	0.0167
2.2994	0.0168
2.3048	0.0169
2.3100	0.0172
2.3152	0.0177
2.3203	0.0179
2.3254	0.0184
2.3302	0.0188
2.3350	0.0189
2.3396	0.0189
2.3441	0.0191
2.3485	0.0194
2.3527	0.0197
2.3567	0.0196
2.3606	0.0194
2.3643	0.0195
2.3679	0.0195
2.3714	0.0193
2.3747	0.0192
2.3778	0.0195
2.3808	0.0198
2.3837	0.0202
2.3865	0.0208
2.3891	0.0214
2.3917	0.0222
2.3941	0.0232
2.3965	0.0238
2.3988	0.0242
2.4010	0.0251
2.4032	0.0258
2.4052	0.0262
2.4072	0.0263
2.4091	0.0261
2.4110	0.0258
2.4127	0.0255
2.4144	0.0255
2.4159	0.0259
2.4174	0.0261
2.4188	0.0265
2.4201	0.0271
2.4214	0.0277
2.4227	0.0287
2.4238	0.0295
2.4250	0.0304
2.4261	0.0315
2.4271	0.0327
2.4280	0.0335
2.4289	0.0339
2.4297	0.0340
2.4304	0.0342
2.4311	0.0342
2.4317	0.0342
2.4323	0.0344
2.4329	0.0346
2.4334	0.0350
2.4340	0.0353
2.4345	0.0354
2.4350	0.0359
2.4356	0.0363
2.4361	0.0372
2.4366	0.0381
2.4371	0.0388
2.4376	0.0393
2.4381	0.0397
2.4386	0.0398
2.4390	0.0397
2.4394	0.0402
2.4398	0.0403
2.4402	0.0406
2.4407	0.0407
2.4412	0.0411
2.4417	0.0417
2.4422	0.0418
2.4427	0.0421
2.4433	0.0428
2.4437	0.0433
2.4441	0.0438
2.4444	0.0442
2.4444	0.0443
2.4442	0.0440
2.4438	0.0438
2.4431	0.0437
2.4421	0.0435
2.4408	0.0428
2.4393	0.0420
2.4375	0.0412
2.4355	0.0409
2.4334	0.0408
2.4311	0.0408
2.4287	0.0408
2.4262	0.0413
2.4237	0.0424
2.4212	0.0434
2.4186	0.0446
2.4159	0.0457
2.4132	0.0463
2.4104	0.0474
2.4075	0.0479
2.4044	0.0477
2.4012	0.0475
2.3979	0.0475
2.3944	0.0479
2.3908	0.0481
2.3871	0.0481
2.3833	0.0485
2.3793	0.0490
2.3753	0.0496
2.3711	0.0506
2.3669	0.0511
2.3626	0.0513
2.3583	0.0515
2.3538	0.0515
2.3493	0.0516
2.3448	0.0518
2.3403	0.0521
2.3358	0.0526
2.3314	0.0529
2.3271	0.0536
2.3229	0.0549
2.3189	0.0564
2.3149	0.0576
2.3111	0.0585
2.3072	0.0591
2.3034	0.0590
2.2995	0.0585
2.2957	0.0576
2.2918	0.0574
2.2878	0.0575
2.2839	0.0577
2.2801	0.0576
2.2762	0.0580
2.2724	0.0585
2.2686	0.0593
2.2648	0.0597
2.2611	0.0599
2.2574	0.0599
2.2536	0.0603
2.2499	0.0607
2.2462	0.0610
2.2425	0.0613
2.2389	0.0619
2.2354	0.0626
2.2319	0.0636
2.2285	0.0643
2.2252	0.0647
2.2219	0.0653
2.2187	0.0658
2.2156	0.0664
2.2125	0.0665
2.2094	0.0669
2.2064	0.0674
2.2034	0.0682
2.2005	0.0689
2.1976	0.0693
2.1947	0.0697
2.1918	0.0701
2.1890	0.0710
2.1862	0.0714
2.1834	0.0718
2.1806	0.0718
2.1778	0.0722
2.1750	0.0727
2.1722	0.0734
2.1693	0.0742
2.1664	0.0750
2.1635	0.0754
2.1606	0.0761
2.1576	0.0768
2.1546	0.0777
2.1516	0.0783
2.1485	0.0791
2.1455	0.0798
2.1424	0.0803
2.1394	0.0813
2.1363	0.0823
2.1333	0.0831
2.1303	0.0838
2.1273	0.0850
2.1244	0.0863
2.1215	0.0873
2.1186	0.0879
2.1158	0.0888
2.1130	0.0897
2.1102	0.0906
2.1075	0.0917
2.1048	0.0929
2.1022	0.0937
2.0996	0.0944
2.0971	0.0953
2.0946	0.0961
2.0921	0.0973
2.0897	0.0985
2.0873	0.1002
2.0849	0.1020
2.0825	0.1038
2.0802	0.1050
2.0778	0.1062
2.0755	0.1074
2.0731	0.1085
2.0707	0.1099
2.0683	0.1118
2.0659	0.1138
2.0634	0.1157
2.0609	0.1174
2.0584	0.1194
2.0558	0.1215
2.0532	0.1243
2.0505	0.1274
2.0478	0.1305
2.0450	0.1334
2.0422	0.1365
2.0393	0.1396
2.0363	0.1428
2.0333	0.1462
2.0302	0.1498
2.0271	0.1541
2.0239	0.1579
2.0206	0.1624
2.0173	0.1673
2.0139	0.1727
2.0105	0.1785
2.0070	0.1843
2.0035	0.1906
1.9999	0.1975
1.9962	0.2051
1.9924	0.2132
1.9884	0.2222
1.9842	0.2323
1.9799	0.2435
1.9752	0.2555
1.9704	0.2681
1.9652	0.2822
1.9597	0.2972
1.9538	0.3133
1.9476	0.3308
1.9410	0.3493
1.9341	0.3690
1.9268	0.3900
1.9193	0.4121
1.9116	0.4355
1.9038	0.4596
1.8959	0.4844
1.8881	0.5092
1.8803	0.5333
1.8727	0.5570
1.8651	0.5797
1.8578	0.6003
1.8507	0.6178
1.8438	0.6314
1.8370	0.6398
1.8304	0.6423
1.8239	0.6379
1.8175	0.6255
1.8111	0.6043
1.8048	0.5742
1.7984	0.5349
1.7920	0.4865
1.7854	0.4294
1.7787	0.3652
1.7718	0.2953
1.7648	0.2215
1.7575	0.1458
1.7501	0.0718
1.7426	0.0016
1.7349	-0.0616
1.7271	-0.1155
1.7192	-0.1588
1.7114	-0.1891
1.7036	-0.2069
1.6959	-0.2128
1.6882	-0.2079
1.6807	-0.1950
1.6733	-0.1774
1.6660	-0.1584
1.6588	-0.1415
1.6517	-0.1295
1.6446	-0.1240
1.6376	-0.1254
1.6305	-0.1328
1.6234	-0.1441
1.6162	-0.1565
1.6090	-0.1664
1.6017	-0.1710
1.5944	-0.1681
1.5871	-0.1568
1.5798	-0.1379
1.5725	-0.1140
1.5653	-0.0885
1.5581	-0.0654
1.5509	-0.0473
1.5437	-0.0365
1.5366	-0.0342
1.5295	-0.0386
1.5224	-0.0476
1.5154	-0.0574
1.5085	-0.0653
1.5017	-0.0697
1.4951	-0.0703
1.4886	-0.0683
1.4823	-0.0657
1.4763	-0.0642
1.4704	-0.0645
1.4647	-0.0672
1.4592	-0.0708
1.4538	-0.0729
1.4486	-0.0722
1.4435	-0.0683
1.4386	-0.0624
1.4338	-0.0559
1.4291	-0.0514
1.4244	-0.0502
1.4196	-0.0526
1.4149	-0.0574
1.4101	-0.0625
1.4051	-0.0664
1.4001	-0.0679
1.3950	-0.0676
1.3897	-0.0660
1.3842	-0.0645
1.3786	-0.0645
1.3728	-0.0656
1.3669	-0.0674
1.3607	-0.0686
1.3545	-0.0692
1.3481	-0.0691
1.3416	-0.0688
1.3349	-0.0691
1.3282	-0.0696
1.3215	-0.0701
1.3146	-0.0702
1.3078	-0.0696
1.3008	-0.0683
1.2939	-0.0672
1.2869	-0.0672
1.2799	-0.0677
1.2729	-0.0685
1.2659	-0.0691
1.2588	-0.0688
1.2518	-0.0679
1.2447	-0.0669
1.2377	-0.0669
1.2307	-0.0674
1.2237	-0.0678
1.2167	-0.0680
1.2098	-0.0678
1.2030	-0.0670
1.1962	-0.0664
1.1895	-0.0661
1.1828	-0.0656
1.1762	-0.0653
1.1697	-0.0651
1.1632	-0.0649
1.1567	-0.0648
1.1503	-0.0648
1.1439	-0.0649
1.1375	-0.0642
1.1310	-0.0636
1.1246	-0.0639
1.1182	-0.0643
1.1117	-0.0647
1.1052	-0.0649
1.0986	-0.0647
1.0920	-0.0645
1.0853	-0.0651
1.0786	-0.0654
1.0718	-0.0654
1.0649	-0.0654
1.0579	-0.0657
1.0509	-0.0663
1.0439	-0.0665
1.0368	-0.0667
1.0296	-0.0668
1.0224	-0.0666
1.0152	-0.0666
1.0079	-0.0664
1.0005	-0.0665
0.9931	-0.0667
0.9857	-0.0669
0.9783	-0.0668
0.9708	-0.0668
0.9633	-0.0670
0.9558	-0.0673
0.9481	-0.0675
0.9405	-0.0683
0.9327	-0.0688
0.9249	-0.0686
0.9170	-0.0688
0.9090	-0.0689
0.9009	-0.0689
0.8927	-0.0691
0.8844	-0.0697
0.8760	-0.0701
0.8676	-0.0702
0.8591	-0.0705
0.8505	-0.0707
0.8419	-0.0705
0.8333	-0.0703
0.8246	-0.0706
0.8159	-0.0707
0.8072	-0.0710
0.7984	-0.0706
0.7897	-0.0703
0.7809	-0.0700
0.7722	-0.0695
0.7634	-0.0690
0.7547	-0.0687
0.7460	-0.0686
0.7374	-0.0684
0.7288	-0.0680
0.7202	-0.0678
0.7118	-0.0676
0.7033	-0.0671
0.6950	-0.0668
0.6867	-0.0662
0.6785	-0.0657
0.6704	-0.0651
0.6623	-0.0642
0.6543	-0.0630
0.6463	-0.0624
0.6384	-0.0620
0.6305	-0.0617
0.6227	-0.0615
0.6149	-0.0613
0.6071	-0.0614
0.5993	-0.0616
0.5915	-0.0619
0.5837	-0.0621
0.5759	-0.0625
0.5681	-0.0627
0.5603	-0.0625
0.5525	-0.0627
0.5447	-0.0624
0.5369	-0.0622
0.5290	-0.0623
0.5211	-0.0624
0.5132	-0.0626
0.5053	-0.0627
0.4974	-0.0629
0.4894	-0.0629
0.4814	-0.0627
0.4733	-0.0629
0.4653	-0.0631
0.4572	-0.0634
0.4490	-0.0636
0.4409	-0.0634
0.4327	-0.0632
0.4245	-0.0633
0.4163	-0.0631
0.4080	-0.0631
0.3998	-0.0628
0.3915	-0.0625
0.3832	-0.0624
0.3749	-0.0621
0.3666	-0.0618
0.3583	-0.0621
0.3500	-0.0618
0.3417	-0.0614
0.3334	-0.0613
0.3251	-0.0614
0.3168	-0.0615
0.3085	-0.0611
0.3002	-0.0609
0.2920	-0.0605
0.2837	-0.0598
0.2755	-0.0593
0.2673	-0.0590
0.2591	-0.0583
0.2509	-0.0575
0.2427	-0.0570
0.2346	-0.0564
0.2265	-0.0557
0.2184	-0.0550
0.2104	-0.0545
0.2024	-0.0540
0.1944	-0.0537
0.1865	-0.0531
0.1786	-0.0526
0.1707	-0.0520
0.1629	-0.0518
0.1552	-0.0517
0.1474	-0.0518
0.1397	-0.0518
0.1321	-0.0518
0.1245	-0.0519
0.1169	-0.0519
0.1094	-0.0514
0.1019	-0.0509
0.0945	-0.0507
0.0871	-0.0502
0.0798	-0.0493
0.0725	-0.0484
0.0652	-0.0480
0.0580	-0.0478
0.0509	-0.0475
0.0437	-0.0472
0.0366	-0.0467
0.0296	-0.0461
0.0225	-0.0456
0.0156	-0.0448
0.0086	-0.0443
0.0016	-0.0444
-0.0053	-0.0447
-0.0122	-0.0450
-0.0191	-0.0449
-0.0260	-0.0448
-0.0329	-0.0447
-0.0398	-0.0444
-0.0467	-0.0442
-0.0535	-0.0440
-0.0604	-0.0435
-0.0672	-0.0427
-0.0740	-0.0423
-0.0809	-0.0417
-0.0877	-0.0414
-0.0945	-0.0408
-0.1013	-0.0401
-0.1081	-0.0394
-0.1150	-0.0390
-0.1218	-0.0388
-0.1286	-0.0385
-0.1354	-0.0380
-0.1422	-0.0379
-0.1490	-0.0378
-0.1558	-0.0372
-0.1626	-0.0371
-0.1694	-0.0369
-0.1762	-0.0365
-0.1830	-0.0358
-0.1898	-0.0350
-0.1966	-0.0346
-0.2034	-0.0345
-0.2102	-0.0340
-0.2170	-0.0331
-0.2239	-0.0326
-0.2307	-0.0325
-0.2375	-0.0325
-0.2443	-0.0321
-0.2511	-0.0315
-0.2580	-0.0312
-0.2648	-0.0305
-0.2716	-0.0294
-0.2785	-0.0287
-0.2853	-0.0280
-0.2922	-0.0277
-0.2991	-0.0276
-0.3060	-0.0273
-0.3129	-0.0269
-0.3198	-0.0263
-0.3268	-0.0255
-0.3338	-0.0248
-0.3409	-0.0245
-0.3480	-0.0240
-0.3551	-0.0234
-0.3624	-0.0230
-0.3697	-0.0226
-0.3772	-0.0225
-0.3848	-0.0226
-0.3925	-0.0224
-0.4004	-0.0224
-0.4084	-0.0222
-0.4167	-0.0224
-0.4251	-0.0230
-0.4337	-0.0234
-0.4424	-0.0237
-0.4513	-0.0241
-0.4604	-0.0244
-0.4697	-0.0248
-0.4792	-0.0251
-0.4888	-0.0249
-0.4987	-0.0247
-0.5088	-0.0242
-0.5192	-0.0240
-0.5298	-0.0245
-0.5407	-0.0248
-0.5519	-0.0254
-0.5634	-0.0263
-0.5752	-0.0271
-0.5873	-0.0280
-0.5996	-0.0290
-0.6121	-0.0296
-0.6248	-0.0296
-0.6375	-0.0292
-0.6504	-0.0288
-0.6633	-0.0284
-0.6762	-0.0279
-0.6891	-0.0275
-0.7020	-0.0272
-0.7149	-0.0267
-0.7277	-0.0267
-0.7403	-0.0265
-0.7529	-0.0261
-0.7653	-0.0257
-0.7776	-0.0256
-0.7897	-0.0254
-0.8016	-0.0255
-0.8133	-0.0259
-0.8247	-0.0263
-0.8360	-0.0261
-0.8471	-0.0256
-0.8579	-0.0248
-0.8685	-0.0243
-0.8789	-0.0244
-0.8891	-0.0241
-0.8990	-0.0242
-0.9088	-0.0244
-0.9184	-0.0248
-0.9278	-0.0254
-0.9371	-0.0262
-0.9462	-0.0268
-0.9551	-0.0268
-0.9640	-0.0272
-0.9727	-0.0274
-0.9812	-0.0278
-0.9897	-0.0278
-0.9980	-0.0277
-1.0063	-0.0273
-1.0144	-0.0270
-1.0224	-0.0268
-1.0304	-0.0267
-1.0383	-0.0269
-1.0461	-0.0272
-1.0539	-0.0275
-1.0617	-0.0280
-1.0694	-0.0285
-1.0771	-0.0287
-1.0848	-0.0291
-1.0925	-0.0297
-1.1002	-0.0305
-1.1079	-0.0310
-1.1155	-0.0307
-1.1232	-0.0301
-1.1309	-0.0301
-1.1386	-0.0301
-1.1463	-0.0305
-1.1540	-0.0306
-1.1617	-0.0302
-1.1694	-0.0296
-1.1771	-0.0292
-1.1848	-0.0291
-1.1925	-0.0294
-1.2001	-0.0292
-1.2078	-0.0289
-1.2154	-0.0289
-1.2231	-0.0289
-1.2307	-0.0287
-1.2383	-0.0282
-1.2458	-0.0275
-1.2533	-0.0274
-1.2609	-0.0278
-1.2684	-0.0281
-1.2759	-0.0285
-1.2834	-0.0286
-1.2908	-0.0284
-1.2983	-0.0286
-1.3058	-0.0289
-1.3132	-0.0284
-1.3206	-0.0278
-1.3279	-0.0273
-1.3352	-0.0271
-1.3425	-0.0271
-1.3497	-0.0268
-1.3568	-0.0265
-1.3638	-0.0262
-1.3708	-0.0256
-1.3777	-0.0248
-1.3845	-0.0242
-1.3913	-0.0241
-1.3980	-0.0241
-1.4046	-0.0240
-1.4112	-0.0237
-1.4178	-0.0237
-1.4244	-0.0237
-1.4309	-0.0236
-1.4373	-0.0232
-1.4438	-0.0229
-1.4502	-0.0232
-1.4566	-0.0235
-1.4630	-0.0238
-1.4694	-0.0243
-1.4757	-0.0245
-1.4820	-0.0245
-1.4883	-0.0241
-1.4947	-0.0237
-1.5010	-0.0236
-1.5074	-0.0236
-1.5139	-0.0238
-1.5204	-0.0245
-1.5270	-0.0250
-1.5336	-0.0257
-1.5403	-0.0263
-1.5470	-0.0268
-1.5537	-0.0271
-1.5605	-0.0272
-1.5672	-0.0271
-1.5738	-0.0269
-1.5804	-0.0267
-1.5869	-0.0264
-1.5933	-0.0258
-1.5996	-0.0249
-1.6058	-0.0246
-1.6119	-0.0240
-1.6180	-0.0241
-1.6240	-0.0242
-1.6300	-0.0244
-1.6359	-0.0248
-1.6418	-0.0252
-1.6478	-0.0250
-1.6537	-0.0250
-1.6597	-0.0250
-1.6657	-0.0249
-1.6717	-0.0246
-1.6778	-0.0247
-1.6839	-0.0252
-1.6901	-0.0255
-1.6963	-0.0256
-1.7025	-0.0256
-1.7088	-0.0259
-1.7152	-0.0262
-1.7216	-0.0258
-1.7280	-0.0256
-1.7345	-0.0257
-1.7410	-0.0260
-1.7475	-0.0266
-1.7541	-0.0267
-1.7606	-0.0264
-1.7672	-0.0261
-1.7737	-0.0263
-1.7802	-0.0261
-1.7867	-0.0258
-1.7932	-0.0257
-1.7996	-0.0258
-1.8060	-0.0257
-1.8123	-0.0261
-1.8186	-0.0262
-1.8248	-0.0259
-1.8310	-0.0256
-1.8371	-0.0252
-1.8432	-0.0247
-1.8492	-0.0248
-1.8552	-0.0247
-1.8611	-0.0251
-1.8671	-0.0256
-1.8730	-0.0262
-1.8789	-0.0265
-1.8848	-0.0269
-1.8906	-0.0274
-1.8964	-0.0278
-1.9021	-0.0281
-1.9078	-0.0282
-1.9134	-0.0283
-1.9189	-0.0284
-1.9244	-0.0284
-1.9297	-0.0289
-1.9350	-0.0288
-1.9402	-0.0286
-1.9452	-0.0283
-1.9502	-0.0279
-1.9551	-0.0281
-1.9599	-0.0278
-1.9646	-0.0273
-1.9693	-0.0272
-1.9738	-0.0272
-1.9783	-0.0273
-1.9828	-0.0276
-1.9872	-0.0281
-1.9915	-0.0284
-1.9959	-0.0288
-2.0003	-0.0292
-2.0047	-0.0296
-2.0092	-0.0301
-2.0137	-0.0306
-2.0182	-0.0311
-2.0228	-0.0312
-2.0274	-0.0315
-2.0321	-0.0319
-2.0367	-0.0322
-2.0414	-0.0323
-2.0461	-0.0322
-2.0507	-0.0321
-2.0553	-0.0318
-2.0597	-0.0317
-2.0641	-0.0316
-2.0682	-0.0314
-2.0723	-0.0311
-2.0761	-0.0312
-2.0798	-0.0311
-2.0833	-0.0307
-2.0865	-0.0301
-2.0896	-0.0299
-2.0924	-0.0298
-2.0951	-0.0299
-2.0976	-0.0296
-2.0999	-0.0292
-2.1021	-0.0291
-2.1042	-0.0294
-2.1062	-0.0294
-2.1082	-0.0290
-2.1102	-0.0288
-2.1124	-0.0290
-2.1147	-0.0290
-2.1173	-0.0292
-2.1202	-0.0300
-2.1235	-0.0309
-2.1270	-0.0324
-2.1310	-0.0339
-2.1353	-0.0357
-2.1400	-0.0367
-2.1449	-0.0374
-2.1501	-0.0381
-2.1556	-0.0390
-2.1612	-0.0396
-2.1669	-0.0400
-2.1728	-0.0399
-2.1788	-0.0395
-2.1848	-0.0393
-2.1908	-0.0388
-2.1968	-0.0379
-2.2029	-0.0373
-2.2090	-0.0369
-2.2151	-0.0363
-2.2212	-0.0358
-2.2273	-0.0356
-2.2334	-0.0355
-2.2395	-0.0355
-2.2457	-0.0358
-2.2517	-0.0360
-2.2578	-0.0361
-2.2638	-0.0359
-2.2697	-0.0358
-2.2756	-0.0350
-2.2814	-0.0346
-2.2870	-0.0342
-2.2926	-0.0336
-2.2980	-0.0336
-2.3033	-0.0331
-2.3086	-0.0329
-2.3137	-0.0324
-2.3187	-0.0322
-2.3236	-0.0325
-2.3284	-0.0326
-2.3331	-0.0323
-2.3377	-0.0321
-2.3422	-0.0321
-2.3466	-0.0321
-2.3508	-0.0321
-2.3550	-0.0321
-2.3590	-0.0321
-2.3629	-0.0323
-2.3667	-0.0327
-2.3703	-0.0327
-2.3738	-0.0328
-2.3772	-0.0331
-2.3804	-0.0334
-2.3835	-0.0335
-2.3864	-0.0336
-2.3892	-0.0336
-2.3920	-0.0339
-2.3946	-0.0343
-2.3971	-0.0349
-2.3995	-0.0351
-2.4018	-0.0351
-2.4041	-0.0357
-2.4063	-0.0359
-2.4084	-0.0357
-2.4104	-0.0355
-2.4123	-0.0354
-2.4141	-0.0354
-2.4159	-0.0353
-2.4175	-0.0350
-2.4191	-0.0350
-2.4206	-0.0353
-2.4221	-0.0356
-2.4234	-0.0360
-2.4248	-0.0363
-2.4260	-0.0368
-2.4272	-0.0370
-2.4284	-0.0374
-2.4294	-0.0377
-2.4304	-0.0376
-2.4313	-0.0378
-2.4321	-0.0386
-2.4328	-0.0393
-2.4335	-0.0396
-2.4341	-0.0400
-2.4347	-0.0403
-2.4353	-0.0405
-2.4359	-0.0402
-2.4365	-0.0403
-2.4370	-0.0404
-2.4376	-0.0406
-2.4382	-0.0407
-2.4387	-0.0400
-2.4392	-0.0401
-2.4397	-0.0401
-2.4402	-0.0404
-2.4407	-0.0402
-2.4411	-0.0398
-2.4416	-0.0395
-2.4420	-0.0396
-2.4425	-0.0396
-2.4430	-0.0395
-2.4435	-0.0398
-2.4441	-0.0404
-2.4447	-0.0412
-2.4453	-0.0418
-2.4459	-0.0424
-2.4465	-0.0429
-2.4471	-0.0432
-2.4475	-0.0432
-2.4478	-0.0429
-2.4479	-0.0424
-2.4478	-0.0413
-2.4475	-0.0406
-2.4470	-0.0399
-2.4462	-0.0391
-2.4451	-0.0384
-2.4438	-0.0376
-2.4423	-0.0371
-2.4406	-0.0365
-2.4387	-0.0361
-2.4367	-0.0356
-2.4345	-0.0358
-2.4321	-0.0363
-2.4296	-0.0365
-2.4271	-0.0370
-2.4244	-0.0374
-2.4216	-0.0376
-2.4187	-0.0381
-2.4158	-0.0384
-2.4127	-0.0389
-2.4096	-0.0395
-2.4063	-0.0398
-2.4030	-0.0399
-2.3995	-0.0397
-2.3959	-0.0397
-2.3923	-0.0396
-2.3885	-0.0397
-2.3846	-0.0398
-2.3806	-0.0402
-2.3766	-0.0402
-2.3725	-0.0403
-2.3683	-0.0400
-2.3640	-0.0399
-2.3596	-0.0400
-2.3552	-0.0403
-2.3506	-0.0400
-2.3460	-0.0399
-2.3414	-0.0395
-2.3369	-0.0392
-2.3324	-0.0394
-2.3280	-0.0395
-2.3238	-0.0400
-2.3197	-0.0412
-2.3157	-0.0423
-2.3117	-0.0428
-2.3078	-0.0432
-2.3039	-0.0430
-2.3000	-0.0425
-2.2960	-0.0417
-2.2921	-0.0408
-2.2882	-0.0399
-2.2843	-0.0395
-2.2804	-0.0396
-2.2766	-0.0396
-2.2727	-0.0394
-2.2689	-0.0393
-2.2651	-0.0398
-2.2612	-0.0403
-2.2574	-0.0402
-2.2536	-0.0405
-2.2498	-0.0404
-2.2460	-0.0400
-2.2423	-0.0398
-2.2386	-0.0396
-2.2350	-0.0396
-2.2314	-0.0396
-2.2280	-0.0400
-2.2246	-0.0401
-2.2212	-0.0403
-2.2180	-0.0405
-2.2148	-0.0408
-2.2116	-0.0414
-2.2085	-0.0416
-2.2054	-0.0418
-2.2024	-0.0420
-2.1993	-0.0421
-2.1963	-0.0423
-2.1933	-0.0427
-2.1903	-0.0429
-2.1873	-0.0430
-2.1843	-0.0429
-2.1813	-0.0433
-2.1783	-0.0435
-2.1753	-0.0435
-2.1723	-0.0432
-2.1692	-0.0432
-2.1662	-0.0428
-2.1632	-0.0423
-2.1602	-0.0420
-2.1572	-0.0419
-2.1542	-0.0421
-2.1512	-0.0426
-2.1483	-0.0431
-2.1453	-0.0438
-2.1424	-0.0446
-2.1395	-0.0448
-2.1366	-0.0446
-2.1336	-0.0444
-2.1307	-0.0441
-2.1278	-0.0440
-2.1249	-0.0442
-2.1220	-0.0443
-2.1191	-0.0443
-2.1163	-0.0446
-2.1134	-0.0446
-2.1106	-0.0450
-2.1078	-0.0452
-2.1051	-0.0455
-2.1024	-0.0459
-2.0997	-0.0466
-2.0971	-0.0464
-2.0945	-0.0465
-2.0919	-0.0465
-2.0894	-0.0466
-2.0869	-0.0466
-2.0844	-0.0468
-2.0819	-0.0470
-2.0795	-0.0474
-2.0770	-0.0480
-2.0746	-0.0486
-2.0723	-0.0489
-2.0699	-0.0489
-2.0675	-0.0491
-2.0651	-0.0490
-2.0627	-0.0486
-2.0602	-0.0478
-2.0577	-0.0466
-2.0551	-0.0455
-2.0525	-0.0445
-2.0498	-0.0440
-2.0470	-0.0437
-2.0441	-0.0430
-2.0412	-0.0426
-2.0383	-0.0426
-2.0353	-0.0429
-2.0323	-0.0430
-2.0292	-0.0430
-2.0261	-0.0429
-2.0230	-0.0425
-2.0198	-0.0418
-2.0165	-0.0408
-2.0132	-0.0391
-2.0098	-0.0372
-2.0062	-0.0346
-2.0026	-0.0314
-1.9988	-0.0278
-1.9948	-0.0230
-1.9905	-0.0174
-1.9861	-0.0106
-1.9814	-0.0021
-1.9764	0.0078
-1.9711	0.0200
-1.9655	0.0339
-1.9596	0.0499
-1.9533	0.0690
-1.9467	0.0912
-1.9396	0.1161
-1.9322	0.1446
-1.9243	0.1767
-1.9160	0.2125
-1.9074	0.2524
-1.8984	0.2957
-1.8891	0.3422
-1.8796	0.3917
-1.8700	0.4436
-1.8603	0.4977
-1.8505	0.5522
-1.8407	0.6060
-1.8311	0.6578
-1.8215	0.7062
-1.8120	0.7493
-1.8028	0.7856
-1.7937	0.8128
-1.7848	0.8289
-1.7762	0.8322
-1.7678	0.8214
-1.7598	0.7955
-1.7520	0.7541
-1.7446	0.6981
-1.7375	0.6286
-1.7307	0.5478
-1.7243	0.4581
-1.7182	0.3634
-1.7124	0.2682
-1.7069	0.1768
-1.7016	0.0933
-1.6964	0.0217
-1.6914	-0.0349
-1.6864	-0.0747
-1.6815	-0.0974
-1.6765	-0.1038
-1.6714	-0.0964
-1.6663	-0.0791
-1.6610	-0.0560
-1.6556	-0.0315
-1.6500	-0.0094
-1.6444	0.0075
-1.6386	0.0179
-1.6328	0.0219
-1.6269	0.0217
-1.6209	0.0197
-1.6148	0.0183
-1.6086	0.0189
-1.6023	0.0229
-1.5959	0.0301
-1.5894	0.0392
-1.5828	0.0474
-1.5762	0.0523
-1.5695	0.0523
-1.5628	0.0474
-1.5562	0.0376
-1.5496	0.0255
-1.5430	0.0133
-1.5365	0.0035
-1.5300	-0.0019
-1.5235	-0.0025
-1.5171	0.0008
-1.5107	0.0057
-1.5043	0.0099
-1.4980	0.0127
-1.4917	0.0124
-1.4856	0.0104
-1.4795	0.0076
-1.4735	0.0053
-1.4676	0.0038
-1.4618	0.0034
-1.4561	0.0025
-1.4505	0.0010
-1.4450	-0.0013
-1.4396	-0.0039
-1.4343	-0.0064
-1.4291	-0.0075
-1.4240	-0.0071
-1.4189	-0.0055
-1.4138	-0.0036
-1.4088	-0.0030
-1.4037	-0.0045
-1.3986	-0.0075
-1.3935	-0.0105
-1.3883	-0.0123
-1.3831	-0.0124
-1.3777	-0.0109
-1.3723	-0.0088
-1.3667	-0.0078
-1.3611	-0.0083
-1.3553	-0.0099
-1.3495	-0.0120
-1.3435	-0.0139
-1.3375	-0.0143
-1.3313	-0.0142
-1.3251	-0.0142
-1.3187	-0.0152
-1.3123	-0.0163
-1.3058	-0.0177
-1.2993	-0.0185
-1.2926	-0.0192
-1.2859	-0.0192
-1.2792	-0.0195
-1.2724	-0.0201
-1.2656	-0.0209
-1.2588	-0.0214
-1.2520	-0.0221
-1.2452	-0.0227
-1.2384	-0.0233
-1.2316	-0.0240
-1.2248	-0.0251
-1.2181	-0.0263
-1.2114	-0.0275
-1.2048	-0.0284
-1.1982	-0.0292
-1.1916	-0.0301
-1.1851	-0.0308
-1.1786	-0.0308
-1.1721	-0.0310
-1.1656	-0.0315
-1.1591	-0.0327
-1.1526	-0.0339
-1.1461	-0.0342
-1.1396	-0.0344
