-0.0508	0.7017
-0.2378	-0.5400
-0.3508	0.1229
-0.4393	-0.1880
-0.5369	0.0267
-0.6459	-0.1407
-0.7475	-0.0013
-0.8308	-0.1196
-0.9134	-0.0052
-0.9771	-0.1088
-1.0267	-0.0152
-1.0819	-0.1056
-1.1360	-0.0195
-1.1828	-0.0984
-1.2291	-0.0231
-1.2828	-0.0940
-1.3277	-0.0271
-1.3709	-0.0884
-1.4176	-0.0269
-1.4566	-0.0828
-1.4949	-0.0301
-1.5414	-0.0796
-1.5819	-0.0348
-1.6253	-0.0768
-1.6661	-0.0346
-1.7087	-0.0728
-1.7536	-0.0382
-1.8060	-0.0756
-1.8494	-0.0405
-1.9019	-0.0769
-1.9535	-0.0411
-2.0001	-0.0747
-2.0623	-0.0478
-2.1187	-0.0766