-1.2394	-0.0680
-1.2286	-0.0773
-1.2179	-0.0768
-1.2075	-0.0771
-1.1972	-0.0770
-1.1870	-0.0766
-1.1770	-0.0762
-1.1671	-0.0756
-1.1572	-0.0749
-1.1475	-0.0741
-1.1379	-0.0740
-1.1284	-0.0742
-1.1189	-0.0740
-1.1096	-0.0739
-1.1004	-0.0738
-1.0912	-0.0736
-1.0820	-0.0738
-1.0730	-0.0742
-1.0639	-0.0743
-1.0550	-0.0745
-1.0460	-0.0745
-1.0371	-0.0745
-1.0282	-0.0741
-1.0193	-0.0732
-1.0104	-0.0728
-1.0016	-0.0722
-0.9927	-0.0718
-0.9839	-0.0716
-0.9750	-0.0714
-0.9662	-0.0711
-0.9573	-0.0709
-0.9483	-0.0710
-0.9394	-0.0706
-0.9304	-0.0701
-0.9214	-0.0700
-0.9123	-0.0699
-0.9032	-0.0702
-0.8941	-0.0701
-0.8851	-0.0701
-0.8760	-0.0704
-0.8669	-0.0701
-0.8578	-0.0699
-0.8487	-0.0699
-0.8397	-0.0704
-0.8307	-0.0704
-0.8217	-0.0706
-0.8128	-0.0707
-0.8039	-0.0715
-0.7950	-0.0715
-0.7862	-0.0711
-0.7775	-0.0708
-0.7688	-0.0707
-0.7602	-0.0710
-0.7516	-0.0709
-0.7431	-0.0707
-0.7347	-0.0708
-0.7263	-0.0710
-0.7180	-0.0713
-0.7098	-0.0719
-0.7016	-0.0720
-0.6935	-0.0718
-0.6854	-0.0716
-0.6773	-0.0715
-0.6694	-0.0717
-0.6614	-0.0718
-0.6535	-0.0721
-0.6455	-0.0722
-0.6376	-0.0723
-0.6298	-0.0723
-0.6218	-0.0717
-0.6139	-0.0708
-0.6060	-0.0699
-0.5981	-0.0692
-0.5902	-0.0693
-0.5822	-0.0696
-0.5743	-0.0692
-0.5663	-0.0688
-0.5583	-0.0681
-0.5503	-0.0677
-0.5423	-0.0677
-0.5343	-0.0675
-0.5262	-0.0673
-0.5180	-0.0670
-0.5099	-0.0665
-0.5017	-0.0662
-0.4935	-0.0663
-0.4852	-0.0660
-0.4769	-0.0660
-0.4686	-0.0658
-0.4603	-0.0654
-0.4520	-0.0652
-0.4436	-0.0643
-0.4353	-0.0628
-0.4268	-0.0611
-0.4184	-0.0603
-0.4100	-0.0597
-0.4015	-0.0592
-0.3931	-0.0593
-0.3846	-0.0592
-0.3762	-0.0588
-0.3677	-0.0579
-0.3592	-0.0577
-0.3508	-0.0576
-0.3424	-0.0573
-0.3339	-0.0567
-0.3255	-0.0561
-0.3171	-0.0555
-0.3087	-0.0545
-0.3003	-0.0540
-0.2920	-0.0539
-0.2837	-0.0536
-0.2754	-0.0530
-0.2671	-0.0521
-0.2589	-0.0516
-0.2507	-0.0509
-0.2425	-0.0506
-0.2344	-0.0505
-0.2263	-0.0506
-0.2182	-0.0504
-0.2102	-0.0507
-0.2023	-0.0510
-0.1944	-0.0512
-0.1865	-0.0508
-0.1787	-0.0505
-0.1709	-0.0498
-0.1631	-0.0495
-0.1554	-0.0494
-0.1477	-0.0495
-0.1401	-0.0495
-0.1325	-0.0491
-0.1250	-0.0487
-0.1175	-0.0486
-0.1101	-0.0488
-0.1027	-0.0493
-0.0953	-0.0490
-0.0880	-0.0487
-0.0807	-0.0476
-0.0734	-0.0463
-0.0662	-0.0456
-0.0591	-0.0457
-0.0519	-0.0465
-0.0448	-0.0468
-0.0377	-0.0467
-0.0306	-0.0471
-0.0236	-0.0465
-0.0165	-0.0464
-0.0095	-0.0460
-0.0025	-0.0455
0.0045	-0.0448
0.0115	-0.0442
0.0184	-0.0439
0.0254	-0.0439
0.0323	-0.0442
0.0393	-0.0437
0.0463	-0.0425
0.0532	-0.0423
0.0602	-0.0421
0.0671	-0.0418
0.0741	-0.0413
0.0811	-0.0410
0.0880	-0.0406
0.0950	-0.0402
0.1020	-0.0402
0.1089	-0.0402
0.1159	-0.0402
0.1229	-0.0398
0.1298	-0.0399
0.1367	-0.0397
0.1437	-0.0393
0.1506	-0.0392
0.1576	-0.0389
0.1645	-0.0380
0.1715	-0.0377
0.1784	-0.0375
0.1854	-0.0372
0.1924	-0.0368
0.1993	-0.0359
0.2063	-0.0354
0.2133	-0.0345
0.2203	-0.0341
0.2273	-0.0339
0.2343	-0.0336
0.2412	-0.0330
0.2482	-0.0326
0.2552	-0.0322
0.2622	-0.0319
0.2693	-0.0320
0.2763	-0.0322
0.2833	-0.0318
0.2904	-0.0313
0.2974	-0.0316
0.3046	-0.0316
0.3117	-0.0316
0.3189	-0.0314
0.3261	-0.0319
0.3334	-0.0326
0.3407	-0.0326
0.3481	-0.0318
0.3556	-0.0309
0.3632	-0.0297
0.3709	-0.0285
0.3788	-0.0278
0.3869	-0.0269
0.3951	-0.0263
0.4034	-0.0262
0.4119	-0.0259
0.4206	-0.0255
0.4294	-0.0248
0.4384	-0.0238
0.4475	-0.0235
0.4568	-0.0230
0.4663	-0.0232
0.4759	-0.0225
0.4857	-0.0219
0.4957	-0.0214
0.5060	-0.0207
0.5165	-0.0199
0.5273	-0.0191
0.5384	-0.0180
0.5498	-0.0162
0.5615	-0.0142
0.5734	-0.0123
0.5856	-0.0109
0.5980	-0.0106
0.6105	-0.0107
0.6232	-0.0111
0.6359	-0.0120
0.6487	-0.0129
0.6615	-0.0138
0.6743	-0.0146
0.6871	-0.0153
0.6999	-0.0165
0.7126	-0.0176
0.7252	-0.0190
0.7377	-0.0201
0.7501	-0.0211
0.7623	-0.0223
0.7744	-0.0232
0.7863	-0.0244
0.7979	-0.0251
0.8094	-0.0253
0.8207	-0.0249
0.8317	-0.0256
0.8426	-0.0267
0.8532	-0.0281
0.8636	-0.0288
0.8739	-0.0293
0.8839	-0.0299
0.8937	-0.0301
0.9034	-0.0300
0.9129	-0.0296
0.9223	-0.0295
0.9315	-0.0295
0.9405	-0.0290
0.9495	-0.0286
0.9583	-0.0273
0.9670	-0.0263
0.9755	-0.0261
0.9840	-0.0262
0.9923	-0.0261
1.0006	-0.0253
1.0087	-0.0247
1.0168	-0.0248
1.0248	-0.0251
1.0328	-0.0252
1.0407	-0.0252
1.0485	-0.0257
1.0563	-0.0256
1.0641	-0.0253
1.0719	-0.0252
1.0797	-0.0251
1.0875	-0.0249
1.0953	-0.0244
1.1031	-0.0233
1.1109	-0.0222
1.1187	-0.0210
1.1265	-0.0194
1.1343	-0.0183
1.1421	-0.0176
1.1499	-0.0172
1.1577	-0.0170
1.1655	-0.0176
1.1734	-0.0185
1.1811	-0.0193
1.1889	-0.0195
1.1967	-0.0193
1.2045	-0.0194
1.2122	-0.0190
1.2199	-0.0185
1.2276	-0.0177
1.2353	-0.0168
1.2430	-0.0161
1.2507	-0.0157
1.2584	-0.0159
1.2660	-0.0160
1.2737	-0.0162
1.2814	-0.0155
1.2891	-0.0143
1.2967	-0.0138
1.3044	-0.0138
1.3120	-0.0133
1.3196	-0.0132
1.3272	-0.0130
1.3347	-0.0135
1.3421	-0.0133
1.3494	-0.0126
1.3566	-0.0121
1.3637	-0.0122
1.3707	-0.0127
1.3776	-0.0129
1.3845	-0.0126
1.3912	-0.0126
1.3979	-0.0120
1.4045	-0.0111
1.4110	-0.0107
1.4176	-0.0108
1.4241	-0.0115
1.4305	-0.0114
1.4370	-0.0108
1.4434	-0.0101
1.4498	-0.0097
1.4562	-0.0097
1.4627	-0.0099
1.4691	-0.0101
1.4756	-0.0101
1.4821	-0.0102
1.4887	-0.0094
1.4954	-0.0081
1.5022	-0.0072
1.5091	-0.0062
1.5161	-0.0055
1.5232	-0.0047
1.5303	-0.0045
1.5374	-0.0038
1.5444	-0.0031
1.5514	-0.0032
1.5583	-0.0035
1.5650	-0.0039
1.5715	-0.0042
1.5779	-0.0046
1.5840	-0.0049
1.5900	-0.0057
1.5959	-0.0063
1.6016	-0.0069
1.6072	-0.0072
1.6128	-0.0077
1.6183	-0.0079
1.6238	-0.0080
1.6294	-0.0080
1.6349	-0.0079
1.6406	-0.0077
1.6463	-0.0073
1.6520	-0.0064
1.6579	-0.0058
1.6638	-0.0053
1.6699	-0.0052
1.6760	-0.0052
1.6823	-0.0051
1.6886	-0.0047
1.6950	-0.0037
1.7015	-0.0023
1.7080	-0.0015
1.7146	-0.0009
1.7213	-0.0004
1.7279	-0.0003
1.7346	-0.0000
1.7413	-0.0003
1.7480	-0.0010
1.7547	-0.0018
1.7613	-0.0017
1.7679	-0.0015
1.7745	-0.0013
1.7811	-0.0007
1.7877	-0.0002
1.7941	0.0007
1.8006	0.0012
1.8070	0.0017
1.8133	0.0020
1.8195	0.0013
1.8257	0.0008
1.8317	0.0006
1.8377	0.0008
1.8436	0.0009
1.8495	0.0007
1.8553	0.0005
1.8611	0.0010
1.8669	0.0012
1.8727	0.0016
1.8784	0.0021
1.8841	0.0026
1.8899	0.0031
1.8955	0.0040
1.9012	0.0041
1.9068	0.0048
1.9124	0.0047
1.9179	0.0040
1.9233	0.0045
1.9287	0.0050
1.9340	0.0054
1.9392	0.0055
1.9444	0.0061
1.9495	0.0064
1.9545	0.0069
1.9594	0.0072
1.9643	0.0066
1.9690	0.0064
1.9738	0.0064
1.9784	0.0064
1.9831	0.0064
1.9877	0.0066
1.9923	0.0077
1.9969	0.0087
2.0016	0.0092
2.0062	0.0089
2.0109	0.0086
2.0156	0.0089
2.0204	0.0091
2.0251	0.0095
2.0299	0.0097
2.0347	0.0105
2.0395	0.0113
2.0443	0.0120
2.0490	0.0123
2.0537	0.0125
2.0583	0.0130
2.0628	0.0132
2.0671	0.0131
2.0713	0.0122
2.0753	0.0115
2.0791	0.0111
2.0827	0.0108
2.0861	0.0103
2.0894	0.0104
2.0924	0.0105
2.0953	0.0104
2.0980	0.0099
2.1005	0.0099
2.1030	0.0104
2.1053	0.0110
2.1076	0.0114
2.1099	0.0118
2.1123	0.0121
2.1149	0.0126
2.1176	0.0137
2.1206	0.0153
2.1239	0.0162
2.1275	0.0169
2.1314	0.0184
2.1357	0.0198
2.1402	0.0206
2.1451	0.0209
2.1501	0.0214
2.1554	0.0207
2.1608	0.0209
2.1663	0.0210
2.1719	0.0210
2.1775	0.0203
2.1831	0.0201
2.1888	0.0195
2.1945	0.0190
2.2001	0.0179
2.2059	0.0174
2.2116	0.0177
2.2174	0.0179
2.2231	0.0176
2.2289	0.0175
2.2347	0.0175
2.2405	0.0178
2.2462	0.0186
2.2519	0.0189
2.2576	0.0188
2.2632	0.0187
2.2688	0.0186
2.2743	0.0182
2.2798	0.0172
2.2852	0.0166
2.2906	0.0165
2.2960	0.0166
2.3012	0.0168
2.3065	0.0166
2.3117	0.0162
2.3168	0.0161
2.3219	0.0160
2.3269	0.0164
2.3318	0.0170
2.3366	0.0169
2.3413	0.0168
2.3459	0.0166
2.3503	0.0171
2.3546	0.0172
2.3588	0.0174
2.3627	0.0176
2.3666	0.0171
2.3703	0.0167
2.3738	0.0171
2.3771	0.0171
2.3803	0.0170
2.3834	0.0167
2.3863	0.0164
2.3890	0.0165
2.3917	0.0164
2.3942	0.0169
2.3965	0.0174
2.3988	0.0176
2.4010	0.0181
2.4031	0.0191
2.4052	0.0204
2.4071	0.0215
2.4090	0.0223
2.4109	0.0226
2.4127	0.0232
2.4144	0.0231
2.4160	0.0230
2.4175	0.0223
2.4190	0.0221
2.4204	0.0218
2.4218	0.0223
2.4231	0.0235
2.4243	0.0246
2.4255	0.0252
2.4267	0.0261
2.4278	0.0265
2.4288	0.0274
2.4298	0.0275
2.4307	0.0273
2.4315	0.0274
2.4322	0.0277
2.4329	0.0286
2.4335	0.0295
2.4341	0.0300
2.4347	0.0299
2.4352	0.0298
2.4357	0.0300
2.4362	0.0301
2.4366	0.0305
2.4371	0.0309
2.4375	0.0310
2.4379	0.0311
2.4383	0.0313
2.4387	0.0310
2.4390	0.0307
2.4393	0.0307
2.4395	0.0301
2.4397	0.0293
2.4399	0.0293
2.4401	0.0294
2.4404	0.0294
2.4406	0.0294
2.4409	0.0301
2.4413	0.0298
2.4416	0.0296
2.4420	0.0302
2.4423	0.0311
2.4425	0.0324
2.4427	0.0330
2.4426	0.0328
2.4424	0.0324
2.4419	0.0312
2.4411	0.0302
2.4400	0.0288
2.4387	0.0274
2.4371	0.0263
2.4352	0.0247
2.4332	0.0237
2.4310	0.0237
2.4287	0.0243
2.4263	0.0254
2.4238	0.0260
2.4213	0.0264
2.4188	0.0273
2.4163	0.0283
2.4137	0.0290
2.4111	0.0304
2.4083	0.0314
2.4055	0.0320
2.4025	0.0324
2.3993	0.0325
2.3960	0.0325
2.3925	0.0321
2.3889	0.0314
2.3850	0.0312
2.3810	0.0309
2.3769	0.0311
2.3727	0.0315
2.3683	0.0313
2.3639	0.0310
2.3594	0.0305
2.3550	0.0309
2.3505	0.0307
2.3459	0.0308
2.3414	0.0312
2.3369	0.0310
2.3324	0.0306
2.3280	0.0312
2.3237	0.0313
2.3195	0.0318
2.3155	0.0323
2.3116	0.0327
2.3077	0.0326
2.3039	0.0325
2.3001	0.0324
2.2963	0.0318
2.2925	0.0317
2.2886	0.0315
2.2848	0.0309
2.2809	0.0301
2.2771	0.0299
2.2732	0.0299
2.2694	0.0298
2.2656	0.0297
2.2618	0.0301
2.2581	0.0306
2.2543	0.0313
2.2506	0.0320
2.2468	0.0321
2.2430	0.0326
2.2393	0.0331
2.2356	0.0336
2.2320	0.0334
2.2285	0.0327
2.2250	0.0321
2.2216	0.0318
2.2183	0.0318
2.2151	0.0322
2.2119	0.0327
2.2088	0.0325
2.2058	0.0323
2.2027	0.0322
2.1998	0.0322
2.1968	0.0324
2.1939	0.0327
2.1910	0.0325
2.1882	0.0322
2.1854	0.0319
2.1826	0.0311
2.1798	0.0303
2.1771	0.0304
2.1744	0.0307
2.1716	0.0310
2.1689	0.0314
2.1661	0.0321
2.1633	0.0328
2.1605	0.0334
2.1577	0.0336
2.1548	0.0336
2.1519	0.0334
2.1490	0.0333
2.1461	0.0330
2.1431	0.0331
2.1402	0.0330
2.1373	0.0330
2.1343	0.0338
2.1315	0.0346
2.1286	0.0353
2.1258	0.0360
2.1230	0.0364
2.1202	0.0365
2.1174	0.0360
2.1147	0.0353
2.1121	0.0349
2.1094	0.0347
2.1068	0.0347
2.1043	0.0343
2.1017	0.0342
2.0992	0.0344
2.0968	0.0350
2.0943	0.0346
2.0919	0.0342
2.0895	0.0347
2.0872	0.0355
2.0848	0.0348
2.0824	0.0343
2.0801	0.0341
2.0777	0.0343
2.0754	0.0348
2.0730	0.0351
2.0706	0.0354
2.0683	0.0357
2.0658	0.0355
2.0634	0.0352
2.0609	0.0353
2.0584	0.0356
2.0559	0.0359
2.0533	0.0364
2.0507	0.0369
2.0479	0.0376
2.0451	0.0381
2.0423	0.0391
2.0393	0.0392
2.0363	0.0395
2.0331	0.0392
2.0299	0.0386
2.0266	0.0387
2.0232	0.0386
2.0197	0.0384
2.0162	0.0391
2.0126	0.0400
2.0089	0.0406
2.0052	0.0405
2.0014	0.0401
1.9975	0.0399
1.9935	0.0402
1.9894	0.0407
1.9851	0.0412
1.9805	0.0417
1.9758	0.0424
1.9707	0.0429
1.9654	0.0429
1.9596	0.0430
1.9535	0.0427
1.9470	0.0422
1.9400	0.0416
1.9326	0.0406
1.9247	0.0393
1.9165	0.0379
1.9079	0.0364
1.8991	0.0352
1.8901	0.0346
1.8811	0.0348
1.8720	0.0360
1.8630	0.0365
1.8541	0.0364
1.8454	0.0372
1.8368	0.0384
1.8285	0.0394
1.8204	0.0407
1.8126	0.0417
1.8050	0.0432
1.7976	0.0442
1.7904	0.0452
1.7834	0.0458
1.7765	0.0461
1.7698	0.0463
1.7632	0.0465
1.7567	0.0461
1.7503	0.0462
1.7439	0.0462
1.7376	0.0457
1.7313	0.0448
1.7250	0.0438
1.7188	0.0428
1.7125	0.0423
1.7063	0.0421
1.7001	0.0421
1.6939	0.0415
1.6877	0.0411
1.6815	0.0414
1.6754	0.0416
1.6692	0.0416
1.6631	0.0416
1.6570	0.0414
1.6508	0.0414
1.6447	0.0416
1.6386	0.0413
1.6324	0.0413
1.6262	0.0424
1.6200	0.0434
1.6138	0.0439
1.6075	0.0444
1.6011	0.0446
1.5947	0.0448
1.5881	0.0449
1.5815	0.0450
1.5747	0.0448
1.5679	0.0443
1.5611	0.0442
1.5542	0.0448
1.5472	0.0455
1.5403	0.0455
1.5334	0.0450
1.5266	0.0445
1.5199	0.0446
1.5132	0.0452
1.5067	0.0454
1.5004	0.0459
1.4942	0.0466
1.4881	0.0475
1.4823	0.0482
1.4766	0.0491
1.4711	0.0495
1.4658	0.0509
1.4607	0.0521
1.4557	0.0526
1.4508	0.0531
1.4461	0.0534
1.4414	0.0535
1.4368	0.0537
1.4322	0.0534
1.4275	0.0532
1.4229	0.0530
1.4182	0.0524
1.4134	0.0519
1.4085	0.0510
1.4035	0.0499
1.3984	0.0493
1.3931	0.0489
1.3876	0.0481
1.3819	0.0469
1.3761	0.0458
1.3701	0.0459
1.3640	0.0463
1.3578	0.0461
1.3514	0.0461
1.3449	0.0460
1.3383	0.0460
1.3317	0.0459
1.3250	0.0460
1.3182	0.0469
1.3114	0.0474
1.3045	0.0478
1.2976	0.0484
1.2907	0.0492
1.2837	0.0504
1.2767	0.0508
1.2697	0.0509
1.2626	0.0508
1.2555	0.0511
1.2484	0.0518
1.2413	0.0524
1.2343	0.0525
1.2273	0.0533
1.2203	0.0540
1.2134	0.0544
1.2066	0.0541
1.1998	0.0540
1.1931	0.0544
1.1864	0.0550
1.1798	0.0554
1.1733	0.0556
1.1668	0.0558
1.1603	0.0561
1.1538	0.0560
1.1473	0.0558
1.1408	0.0559
1.1343	0.0561
1.1277	0.0567
1.1212	0.0574
1.1146	0.0581
1.1080	0.0591
1.1013	0.0594
1.0945	0.0595
1.0877	0.0599
1.0808	0.0601
1.0739	0.0608
1.0669	0.0615
1.0598	0.0619
1.0527	0.0619
1.0455	0.0617
1.0382	0.0613
1.0309	0.0609
1.0235	0.0608
1.0161	0.0610
1.0086	0.0616
1.0010	0.0620
0.9934	0.0623
0.9857	0.0628
0.9780	0.0629
0.9702	0.0627
0.9623	0.0624
0.9544	0.0623
0.9464	0.0616
0.9384	0.0619
0.9303	0.0619
0.9221	0.0618
0.9139	0.0615
0.9056	0.0616
0.8973	0.0619
0.8889	0.0621
0.8804	0.0619
0.8720	0.0622
0.8635	0.0631
0.8549	0.0631
0.8464	0.0635
0.8378	0.0638
0.8293	0.0642
0.8207	0.0641
0.8122	0.0642
0.8037	0.0651
0.7952	0.0660
0.7868	0.0672
0.7784	0.0682
0.7700	0.0688
0.7616	0.0696
0.7534	0.0703
0.7451	0.0715
0.7369	0.0729
0.7288	0.0738
0.7207	0.0744
0.7127	0.0748
0.7047	0.0747
0.6968	0.0753
0.6889	0.0764
0.6811	0.0769
0.6733	0.0772
0.6656	0.0775
0.6579	0.0780
0.6502	0.0786
0.6426	0.0793
0.6350	0.0795
0.6274	0.0802
0.6198	0.0804
0.6122	0.0809
0.6045	0.0818
0.5969	0.0822
0.5892	0.0826
0.5815	0.0829
0.5738	0.0833
0.5661	0.0841
0.5584	0.0850
0.5506	0.0852
0.5429	0.0858
0.5351	0.0861
0.5273	0.0864
0.5195	0.0861
0.5116	0.0864
0.5036	0.0869
0.4957	0.0875
0.4877	0.0884
0.4797	0.0891
0.4716	0.0899
0.4635	0.0905
0.4554	0.0917
0.4473	0.0925
0.4391	0.0931
0.4309	0.0941
0.4227	0.0948
0.4145	0.0961
0.4062	0.0977
0.3979	0.0992
0.3897	0.1006
0.3814	0.1016
0.3731	0.1031
0.3648	0.1049
0.3565	0.1065
0.3482	0.1088
0.3399	0.1109
0.3317	0.1138
0.3234	0.1162
0.3152	0.1184
0.3069	0.1207
0.2987	0.1230
0.2906	0.1263
0.2824	0.1291
0.2743	0.1321
0.2661	0.1352
0.2581	0.1391
0.2501	0.1436
0.2421	0.1489
0.2341	0.1539
0.2262	0.1590
0.2184	0.1643
0.2106	0.1701
0.2028	0.1755
0.1951	0.1811
0.1875	0.1865
0.1799	0.1925
0.1723	0.1992
0.1648	0.2062
0.1574	0.2138
0.1500	0.2223
0.1427	0.2309
0.1355	0.2398
0.1283	0.2494
0.1211	0.2604
0.1140	0.2725
0.1070	0.2854
0.1001	0.2991
0.0932	0.3131
0.0864	0.3282
0.0797	0.3439
0.0730	0.3602
0.0664	0.3770
0.0598	0.3943
0.0533	0.4133
0.0469	0.4331
0.0405	0.4541
0.0342	0.4754
0.0280	0.4968
0.0218	0.5183
0.0156	0.5403
0.0095	0.5620
0.0034	0.5844
-0.0026	0.6054
-0.0087	0.6248
-0.0147	0.6428
-0.0206	0.6594
-0.0266	0.6742
-0.0326	0.6864
-0.0386	0.6954
-0.0447	0.7009
-0.0508	0.7017
-0.0569	0.6975
-0.0631	0.6886
-0.0694	0.6739
-0.0759	0.6522
-0.0824	0.6238
-0.0890	0.5881
-0.0958	0.5448
-0.1028	0.4944
-0.1099	0.4369
-0.1173	0.3723
-0.1248	0.3009
-0.1325	0.2240
-0.1405	0.1423
-0.1487	0.0584
-0.1570	-0.0266
-0.1656	-0.1112
-0.1744	-0.1932
-0.1832	-0.2709
-0.1922	-0.3425
-0.2013	-0.4054
-0.2105	-0.4579
-0.2196	-0.4986
-0.2288	-0.5264
-0.2378	-0.5400
-0.2467	-0.5391
-0.2555	-0.5234
-0.2640	-0.4936
-0.2724	-0.4516
-0.2805	-0.3983
-0.2883	-0.3362
-0.2959	-0.2683
-0.3032	-0.1976
-0.3104	-0.1279
-0.3173	-0.0614
-0.3241	-0.0015
-0.3308	0.0486
-0.3374	0.0865
-0.3441	0.1113
-0.3508	0.1229
-0.3576	0.1210
-0.3646	0.1053
-0.3718	0.0782
-0.3793	0.0419
-0.3871	-0.0005
-0.3951	-0.0452
-0.4035	-0.0887
-0.4121	-0.1275
-0.4210	-0.1584
-0.4300	-0.1790
-0.4393	-0.1880
-0.4486	-0.1855
-0.4580	-0.1717
-0.4675	-0.1482
-0.4771	-0.1176
-0.4867	-0.0834
-0.4963	-0.0490
-0.5062	-0.0177
-0.5162	0.0068
-0.5264	0.0220
-0.5369	0.0267
-0.5477	0.0205
-0.5589	0.0045
-0.5704	-0.0192
-0.5824	-0.0474
-0.5947	-0.0763
-0.6072	-0.1037
-0.6200	-0.1253
-0.6329	-0.1383
-0.6459	-0.1407
-0.6589	-0.1321
-0.6719	-0.1149
-0.6848	-0.0912
-0.6976	-0.0643
-0.7102	-0.0389
-0.7228	-0.0178
-0.7352	-0.0046
-0.7475	-0.0013
-0.7597	-0.0081
-0.7719	-0.0233
-0.7839	-0.0458
-0.7959	-0.0704
-0.8077	-0.0930
-0.8194	-0.1105
-0.8308	-0.1196
-0.8421	-0.1180
-0.8530	-0.1057
-0.8637	-0.0853
-0.8742	-0.0610
-0.8843	-0.0375
-0.8942	-0.0181
-0.9039	-0.0067
-0.9134	-0.0052
-0.9227	-0.0141
-0.9320	-0.0315
-0.9412	-0.0538
-0.9503	-0.0763
-0.9594	-0.0951
-0.9683	-0.1065
-0.9771	-0.1088
-0.9858	-0.1012
-0.9943	-0.0849
-1.0026	-0.0635
-1.0108	-0.0421
-1.0188	-0.0246
-1.0267	-0.0152
-1.0346	-0.0161
-1.0424	-0.0263
-1.0502	-0.0440
-1.0581	-0.0651
-1.0660	-0.0852
-1.0740	-0.0998
-1.0819	-0.1056
-1.0898	-0.1017
-1.0976	-0.0889
-1.1054	-0.0701
-1.1131	-0.0497
-1.1208	-0.0318
-1.1284	-0.0206
-1.1360	-0.0195
-1.1437	-0.0276
-1.1514	-0.0436
-1.1592	-0.0631
-1.1670	-0.0811
-1.1749	-0.0938
-1.1828	-0.0984
-1.1906	-0.0937
-1.1985	-0.0811
-1.2062	-0.0636
-1.2139	-0.0453
-1.2215	-0.0303
-1.2291	-0.0231
-1.2367	-0.0244
-1.2443	-0.0337
-1.2520	-0.0493
-1.2596	-0.0668
-1.2674	-0.0825
-1.2751	-0.0922
-1.2828	-0.0940
-1.2904	-0.0870
-1.2980	-0.0738
-1.3056	-0.0577
-1.3130	-0.0423
-1.3204	-0.0313
-1.3277	-0.0271
-1.3350	-0.0304
-1.3422	-0.0418
-1.3495	-0.0572
-1.3567	-0.0726
-1.3638	-0.0839
-1.3709	-0.0884
-1.3779	-0.0855
-1.3847	-0.0764
-1.3915	-0.0627
-1.3981	-0.0480
-1.4047	-0.0353
-1.4112	-0.0278
-1.4176	-0.0269
-1.4241	-0.0334
-1.4305	-0.0453
-1.4370	-0.0589
-1.4435	-0.0717
-1.4501	-0.0805
-1.4566	-0.0828
-1.4630	-0.0790
-1.4695	-0.0699
-1.4759	-0.0576
-1.4822	-0.0451
-1.4885	-0.0348
-1.4949	-0.0301
-1.5013	-0.0310
-1.5077	-0.0379
-1.5143	-0.0489
-1.5210	-0.0612
-1.5277	-0.0717
-1.5345	-0.0781
-1.5414	-0.0796
-1.5483	-0.0760
-1.5552	-0.0680
-1.5620	-0.0571
-1.5687	-0.0465
-1.5753	-0.0383
-1.5819	-0.0348
-1.5883	-0.0362
-1.5947	-0.0419
-1.6009	-0.0504
-1.6071	-0.0596
-1.6133	-0.0686
-1.6193	-0.0748
-1.6253	-0.0768
-1.6312	-0.0749
-1.6371	-0.0683
-1.6429	-0.0597
-1.6487	-0.0499
-1.6545	-0.0413
-1.6603	-0.0358
-1.6661	-0.0346
-1.6720	-0.0376
-1.6779	-0.0439
-1.6839	-0.0516
-1.6900	-0.0601
-1.6962	-0.0673
-1.7024	-0.0716
-1.7087	-0.0728
-1.7150	-0.0703
-1.7214	-0.0652
-1.7278	-0.0582
-1.7342	-0.0501
-1.7406	-0.0432
-1.7471	-0.0393
-1.7536	-0.0382
-1.7601	-0.0400
-1.7666	-0.0450
-1.7732	-0.0518
-1.7798	-0.0592
-1.7863	-0.0659
-1.7929	-0.0714
-1.7995	-0.0750
-1.8060	-0.0756
-1.8124	-0.0732
-1.8188	-0.0686
-1.8251	-0.0619
-1.8313	-0.0549
-1.8374	-0.0483
-1.8434	-0.0434
-1.8494	-0.0405
-1.8553	-0.0407
-1.8613	-0.0431
-1.8672	-0.0470
-1.8730	-0.0524
-1.8789	-0.0589
-1.8847	-0.0652
-1.8905	-0.0707
-1.8962	-0.0746
-1.9019	-0.0769
-1.9075	-0.0765
-1.9129	-0.0738
-1.9183	-0.0698
-1.9236	-0.0645
-1.9288	-0.0590
-1.9339	-0.0535
-1.9389	-0.0483
-1.9439	-0.0448
-1.9487	-0.0425
-1.9535	-0.0411
-1.9583	-0.0422
-1.9630	-0.0447
-1.9676	-0.0488
-1.9723	-0.0532
-1.9769	-0.0585
-1.9815	-0.0637
-1.9861	-0.0682
-1.9908	-0.0720
-1.9954	-0.0741
-2.0001	-0.0747
-2.0048	-0.0745
-2.0096	-0.0735
-2.0143	-0.0717
-2.0192	-0.0691
-2.0240	-0.0658
-2.0289	-0.0622
-2.0337	-0.0589
-2.0386	-0.0556
-2.0434	-0.0527
-2.0482	-0.0508
-2.0530	-0.0491
-2.0577	-0.0483
-2.0623	-0.0478
-2.0667	-0.0478
-2.0710	-0.0487
-2.0752	-0.0497
-2.0792	-0.0516
-2.0830	-0.0535
-2.0866	-0.0559
-2.0901	-0.0583
-2.0934	-0.0603
-2.0964	-0.0632
-2.0994	-0.0664
-2.1021	-0.0692
-2.1047	-0.0713
-2.1072	-0.0732
-2.1095	-0.0751
-2.1118	-0.0764
-2.1140	-0.0765
-2.1163	-0.0766
-2.1187	-0.0766
-2.1212	-0.0766
-2.1240	-0.0757
-2.1270	-0.0735
-2.1304	-0.0723
-2.1341	-0.0706
-2.1382	-0.0682
-2.1426	-0.0655
-2.1473	-0.0625
-2.1523	-0.0592
-2.1575	-0.0552
-2.1629	-0.0502
-2.1685	-0.0445
-2.1742	-0.0375
-2.1799	-0.0295
-2.1857	-0.0200
-2.1915	-0.0092
-2.1972	0.0028
-2.2030	0.0160
-2.2086	0.0298
-2.2143	0.0441
-2.2199	0.0596
-2.2255	0.0757
-2.2310	0.0929
-2.2364	0.1117
-2.2419	0.1322
-2.2472	0.1542
-2.2525	0.1771
-2.2577	0.2011
-2.2628	0.2264
-2.2678	0.2520
-2.2727	0.2782
-2.2774	0.3041
-2.2820	0.3301
-2.2866	0.3565
-2.2909	0.3824
-2.2952	0.4081
-2.2993	0.4312
-2.3033	0.4527
-2.3072	0.4705
-2.3111	0.4846
-2.3149	0.4956
-2.3186	0.5026
-2.3223	0.5035
-2.3260	0.4989
-2.3297	0.4888
-2.3334	0.4721
-2.3371	0.4495
-2.3408	0.4206
-2.3445	0.3853
-2.3482	0.3446
-2.3519	0.2990
-2.3557	0.2501
-2.3594	0.2001
-2.3631	0.1502
-2.3668	0.1013
-2.3705	0.0544
-2.3741	0.0122
-2.3776	-0.0237
-2.3811	-0.0524
-2.3844	-0.0731
-2.3876	-0.0847
-2.3907	-0.0869
-2.3936	-0.0812
-2.3964	-0.0687
-2.3990	-0.0514
-2.4015	-0.0314
-2.4038	-0.0108
-2.4059	0.0077
-2.4080	0.0216
-2.4099	0.0295
-2.4117	0.0298
-2.4135	0.0228
-2.4152	0.0092
-2.4169	-0.0090
-2.4186	-0.0301
-2.4203	-0.0514
-2.4219	-0.0684
-2.4234	-0.0791
-2.4249	-0.0820
-2.4263	-0.0763
-2.4275	-0.0622
-2.4285	-0.0434
-2.4294	-0.0218
-2.4302	-0.0021
-2.4309	0.0135
-2.4316	0.0214
-2.4322	0.0210
-2.4328	0.0130
-2.4334	-0.0003
-2.4340	-0.0159
-2.4347	-0.0307
-2.4353	-0.0419
-2.4359	-0.0474
-2.4365	-0.0463
-2.4370	-0.0403
-2.4374	-0.0320
-2.4378	-0.0243
-2.4382	-0.0197
-2.4386	-0.0196
-2.4390	-0.0235
-2.4394	-0.0297
-2.4398	-0.0362
-2.4403	-0.0410
-2.4408	-0.0419
-2.4414	-0.0395
-2.4420	-0.0350
-2.4425	-0.0308
-2.4431	-0.0283
-2.4436	-0.0281
-2.4440	-0.0314
-2.4443	-0.0369
-2.4445	-0.0422
-2.4445	-0.0454
-2.4442	-0.0454
-2.4438	-0.0425
-2.4431	-0.0387
-2.4421	-0.0357
-2.4409	-0.0341
-2.4395	-0.0345
-2.4379	-0.0361
-2.4361	-0.0383
-2.4341	-0.0397
-2.4320	-0.0400
-2.4297	-0.0394
-2.4273	-0.0382
-2.4248	-0.0382
-2.4221	-0.0393
-2.4194	-0.0411
-2.4166	-0.0433
-2.4138	-0.0445
-2.4108	-0.0451
-2.4078	-0.0456
-2.4047	-0.0461
-2.4014	-0.0471
-2.3981	-0.0479
-2.3946	-0.0485
-2.3910	-0.0484
-2.3872	-0.0473
-2.3833	-0.0463
-2.3792	-0.0459
-2.3751	-0.0463
-2.3709	-0.0465
-2.3667	-0.0470
-2.3624	-0.0473
-2.3580	-0.0475
-2.3537	-0.0480
-2.3492	-0.0487
-2.3447	-0.0501
-2.3402	-0.0508
-2.3357	-0.0513
-2.3313	-0.0517
-2.3270	-0.0526
-2.3228	-0.0539
-2.3187	-0.0555
-2.3147	-0.0570
-2.3108	-0.0577
-2.3069	-0.0572
-2.3030	-0.0568
-2.2992	-0.0568
-2.2954	-0.0566
-2.2915	-0.0565
-2.2877	-0.0561
-2.2839	-0.0558
-2.2801	-0.0568
-2.2763	-0.0573
-2.2726	-0.0583
-2.2688	-0.0589
-2.2650	-0.0589
-2.2612	-0.0585
-2.2574	-0.0581
-2.2536	-0.0582
-2.2498	-0.0584
-2.2460	-0.0584
-2.2422	-0.0583
-2.2385	-0.0582
-2.2348	-0.0584
-2.2312	-0.0591
-2.2276	-0.0598
-2.2242	-0.0607
-2.2208	-0.0617
-2.2176	-0.0630
-2.2144	-0.0640
-2.2113	-0.0648
-2.2082	-0.0654
-2.2052	-0.0656
-2.2022	-0.0660
-2.1992	-0.0666
-2.1962	-0.0676
-2.1933	-0.0678
-2.1903	-0.0672
-2.1873	-0.0668
-2.1844	-0.0662
-2.1814	-0.0661
-2.1784	-0.0664
-2.1755	-0.0661
-2.1725	-0.0657
-2.1696	-0.0653
-2.1667	-0.0656
-2.1638	-0.0659
-2.1610	-0.0667
-2.1581	-0.0677
-2.1554	-0.0687
-2.1526	-0.0694
-2.1499	-0.0702
-2.1471	-0.0711
-2.1444	-0.0720
-2.1417	-0.0726
-2.1389	-0.0726
-2.1362	-0.0728
-2.1334	-0.0736
-2.1306	-0.0740
-2.1277	-0.0742
-2.1249	-0.0738
-2.1221	-0.0735
-2.1193	-0.0732
-2.1165	-0.0731
-2.1137	-0.0735
-2.1110	-0.0736
-2.1084	-0.0730
-2.1057	-0.0728
-2.1032	-0.0725
-2.1006	-0.0722
-2.0981	-0.0716
-2.0955	-0.0713
-2.0931	-0.0715
-2.0906	-0.0717
-2.0881	-0.0718
-2.0857	-0.0723
-2.0833	-0.0723
-2.0809	-0.0723
-2.0786	-0.0730
-2.0763	-0.0736
-2.0740	-0.0739
-2.0718	-0.0742
-2.0695	-0.0744
-2.0673	-0.0745
-2.0650	-0.0737
-2.0626	-0.0722
-2.0602	-0.0709
-2.0577	-0.0700
-2.0551	-0.0700
-2.0524	-0.0699
-2.0497	-0.0695
-2.0468	-0.0685
-2.0439	-0.0688
-2.0409	-0.0690
-2.0379	-0.0684
-2.0349	-0.0678
-2.0318	-0.0683
-2.0286	-0.0688
-2.0254	-0.0691
-2.0221	-0.0701
-2.0188	-0.0711
-2.0154	-0.0717
-2.0119	-0.0726
-2.0083	-0.0729
-2.0045	-0.0732
-2.0006	-0.0736
-1.9965	-0.0743
-1.9922	-0.0754
-1.9877	-0.0756
-1.9829	-0.0757
-1.9779	-0.0749
-1.9726	-0.0747
-1.9670	-0.0743
-1.9610	-0.0743
-1.9547	-0.0742
-1.9481	-0.0740
-1.9410	-0.0736
-1.9336	-0.0731
-1.9258	-0.0726
-1.9176	-0.0721
-1.9092	-0.0716
-1.9005	-0.0710
-1.8917	-0.0703
-1.8828	-0.0702
-1.8740	-0.0707
-1.8652	-0.0709
-1.8565	-0.0710
-1.8480	-0.0715
-1.8397	-0.0722
-1.8317	-0.0726
-1.8238	-0.0736
-1.8162	-0.0745
-1.8088	-0.0760
-1.8015	-0.0775
-1.7945	-0.0786
-1.7876	-0.0788
-1.7808	-0.0790
-1.7742	-0.0792
-1.7677	-0.0798
-1.7612	-0.0799
-1.7547	-0.0788
-1.7483	-0.0780
-1.7420	-0.0770
-1.7356	-0.0759
-1.7292	-0.0752
-1.7229	-0.0745
-1.7166	-0.0743
-1.7103	-0.0748
-1.7040	-0.0753
-1.6978	-0.0750
-1.6916	-0.0749
-1.6854	-0.0746
-1.6793	-0.0743
-1.6732	-0.0749
-1.6670	-0.0750
-1.6609	-0.0753
-1.6548	-0.0761
-1.6486	-0.0770
-1.6424	-0.0777
-1.6361	-0.0782
-1.6297	-0.0785
-1.6232	-0.0776
-1.6167	-0.0765
-1.6100	-0.0761
-1.6033	-0.0760
-1.5966	-0.0759
-1.5897	-0.0759
-1.5829	-0.0758
-1.5760	-0.0760
-1.5692	-0.0765
-1.5623	-0.0767
-1.5555	-0.0775
-1.5488	-0.0779
-1.5420	-0.0784
-1.5353	-0.0788
-1.5287	-0.0786
-1.5222	-0.0781
-1.5157	-0.0781
-1.5093	-0.0785
-1.5030	-0.0788
-1.4967	-0.0782
-1.4906	-0.0782
-1.4846	-0.0781
-1.4787	-0.0781
-1.4729	-0.0786
-1.4672	-0.0788
-1.4616	-0.0791
-1.4561	-0.0798
-1.4508	-0.0795
-1.4455	-0.0794
-1.4403	-0.0798
-1.4352	-0.0797
-1.4301	-0.0803
-1.4251	-0.0808
-1.4201	-0.0815
-1.4151	-0.0815
-1.4101	-0.0812
-1.4051	-0.0801
-1.4000	-0.0794
-1.3948	-0.0786
-1.3896	-0.0772
-1.3842	-0.0760
-1.3788	-0.0756
-1.3732	-0.0755
-1.3676	-0.0755
-1.3618	-0.0756
-1.3559	-0.0759
-1.3500	-0.0758
-1.3439	-0.0760
-1.3377	-0.0766
-1.3315	-0.0768
-1.3251	-0.0763
-1.3187	-0.0760
-1.3121	-0.0760
-1.3055	-0.0759
-1.2988	-0.0761
-1.2920	-0.0758
-1.2852	-0.0753
-1.2783	-0.0751
-1.2714	-0.0746
-1.2645	-0.0742
-1.2576	-0.0746
-1.2507	-0.0752
-1.2438	-0.0754
-1.2369	-0.0754
-1.2300	-0.0756
-1.2232	-0.0761
-1.2164	-0.0767
-1.2097	-0.0775
-1.2030	-0.0782
-1.1963	-0.0784
-1.1897	-0.0787
-1.1831	-0.0786
-1.1764	-0.0786
-1.1698	-0.0786
-1.1632	-0.0786
-1.1565	-0.0788
-1.1499	-0.0790
-1.1432	-0.0790
