-1.5546	-0.0683
-1.5401	-0.0833
-1.5260	-0.0833
-1.5122	-0.0828
-1.4987	-0.0819
-1.4854	-0.0809
-1.4723	-0.0799
-1.4594	-0.0794
-1.4467	-0.0793
-1.4342	-0.0792
-1.4219	-0.0791
-1.4099	-0.0793
-1.3981	-0.0796
-1.3865	-0.0797
-1.3751	-0.0799
-1.3638	-0.0798
-1.3528	-0.0798
-1.3418	-0.0801
-1.3310	-0.0805
-1.3203	-0.0802
-1.3097	-0.0798
-1.2992	-0.0793
-1.2888	-0.0788
-1.2784	-0.0790
-1.2682	-0.0788
-1.2580	-0.0789
-1.2479	-0.0793
-1.2379	-0.0794
-1.2279	-0.0797
-1.2181	-0.0805
-1.2083	-0.0809
-1.1987	-0.0811
-1.1891	-0.0813
-1.1796	-0.0816
-1.1701	-0.0821
-1.1608	-0.0822
-1.1514	-0.0821
-1.1422	-0.0823
-1.1329	-0.0827
-1.1236	-0.0833
-1.1144	-0.0841
-1.1052	-0.0850
-1.0959	-0.0858
-1.0867	-0.0864
-1.0775	-0.0870
-1.0684	-0.0874
-1.0592	-0.0884
-1.0500	-0.0896
-1.0408	-0.0911
-1.0317	-0.0926
-1.0225	-0.0942
-1.0133	-0.0962
-1.0041	-0.0982
-0.9948	-0.1002
-0.9855	-0.1023
-0.9762	-0.1048
-0.9669	-0.1075
-0.9576	-0.1098
-0.9483	-0.1122
-0.9389	-0.1150
-0.9296	-0.1182
-0.9202	-0.1212
-0.9108	-0.1239
-0.9014	-0.1265
-0.8921	-0.1292
-0.8827	-0.1316
-0.8734	-0.1340
-0.8640	-0.1362
-0.8547	-0.1380
-0.8453	-0.1392
-0.8359	-0.1401
-0.8265	-0.1403
-0.8171	-0.1402
-0.8076	-0.1400
-0.7981	-0.1402
-0.7885	-0.1399
-0.7788	-0.1394
-0.7691	-0.1383
-0.7591	-0.1367
-0.7491	-0.1352
-0.7388	-0.1329
-0.7282	-0.1296
-0.7173	-0.1256
-0.7061	-0.1217
-0.6945	-0.1171
-0.6826	-0.1120
-0.6704	-0.1059
-0.6580	-0.0986
-0.6452	-0.0902
-0.6323	-0.0810
-0.6192	-0.0712
-0.6059	-0.0611
-0.5925	-0.0506
-0.5792	-0.0399
-0.5658	-0.0292
-0.5526	-0.0186
-0.5395	-0.0086
-0.5267	0.0006
-0.5140	0.0085
-0.5016	0.0153
-0.4894	0.0203
-0.4774	0.0239
-0.4655	0.0257
-0.4537	0.0257
-0.4420	0.0243
-0.4304	0.0218
-0.4188	0.0188
-0.4073	0.0153
-0.3958	0.0121
-0.3843	0.0098
-0.3729	0.0087
-0.3614	0.0089
-0.3500	0.0110
-0.3386	0.0148
-0.3273	0.0190
-0.3159	0.0241
-0.3047	0.0294
-0.2935	0.0341
-0.2824	0.0383
-0.2714	0.0416
-0.2605	0.0438
-0.2498	0.0450
-0.2391	0.0453
-0.2286	0.0454
-0.2181	0.0460
-0.2077	0.0473
-0.1973	0.0492
-0.1869	0.0518
-0.1764	0.0549
-0.1659	0.0580
-0.1553	0.0608
-0.1445	0.0634
-0.1337	0.0650
-0.1227	0.0655
-0.1116	0.0653
-0.1003	0.0653
-0.0889	0.0653
-0.0774	0.0661
-0.0658	0.0669
-0.0541	0.0681
-0.0423	0.0694
-0.0305	0.0703
-0.0187	0.0711
-0.0069	0.0715
0.0049	0.0716
0.0165	0.0723
0.0281	0.0734
0.0396	0.0754
0.0508	0.0778
0.0619	0.0801
0.0727	0.0820
0.0832	0.0840
0.0934	0.0861
0.1033	0.0887
0.1128	0.0915
0.1220	0.0944
0.1309	0.0977
0.1394	0.1010
0.1478	0.1038
0.1558	0.1063
0.1637	0.1090
0.1715	0.1115
0.1791	0.1143
0.1866	0.1171
0.1942	0.1197
0.2018	0.1222
0.2094	0.1246
0.2172	0.1265
0.2251	0.1286
0.2332	0.1303
0.2416	0.1321
0.2502	0.1339
0.2591	0.1355
0.2682	0.1365
0.2776	0.1372
0.2873	0.1379
0.2971	0.1385
0.3071	0.1387
0.3173	0.1391
0.3276	0.1391
0.3380	0.1386
0.3486	0.1385
0.3592	0.1385
0.3698	0.1387
0.3806	0.1395
0.3914	0.1401
0.4022	0.1406
0.4131	0.1412
0.4240	0.1416
0.4349	0.1419
0.4457	0.1423
0.4567	0.1431
0.4676	0.1441
0.4785	0.1453
0.4893	0.1462
0.5002	0.1466
0.5111	0.1476
0.5218	0.1483
0.5326	0.1492
0.5433	0.1500
0.5539	0.1509
0.5644	0.1517
0.5748	0.1525
0.5851	0.1532
0.5954	0.1538
0.6056	0.1546
0.6156	0.1553
0.6256	0.1557
0.6354	0.1565
0.6452	0.1578
0.6549	0.1588
0.6645	0.1595
0.6740	0.1602
0.6835	0.1608
0.6929	0.1613
0.7022	0.1623
0.7116	0.1629
0.7209	0.1635
0.7303	0.1643
0.7397	0.1647
0.7490	0.1649
0.7585	0.1652
0.7679	0.1653
0.7774	0.1653
0.7870	0.1657
0.7966	0.1657
0.8061	0.1658
0.8158	0.1663
0.8254	0.1668
0.8351	0.1670
0.8447	0.1674
0.8544	0.1675
0.8640	0.1675
0.8736	0.1674
0.8831	0.1675
0.8925	0.1674
0.9019	0.1676
0.9113	0.1676
0.9206	0.1677
0.9298	0.1678
0.9390	0.1678
0.9482	0.1677
0.9574	0.1676
0.9665	0.1672
0.9756	0.1672
0.9847	0.1668
0.9937	0.1668
1.0027	0.1672
1.0118	0.1677
1.0208	0.1683
1.0298	0.1687
1.0388	0.1690
1.0478	0.1695
1.0568	0.1697
1.0659	0.1696
1.0750	0.1694
1.0840	0.1689
1.0931	0.1688
1.1023	0.1680
1.1114	0.1672
1.1205	0.1667
1.1296	0.1663
1.1388	0.1662
1.1479	0.1659
1.1570	0.1655
1.1662	0.1654
1.1754	0.1649
1.1845	0.1640
1.1936	0.1633
1.2028	0.1629
1.2119	0.1630
1.2210	0.1631
1.2301	0.1630
1.2392	0.1626
1.2483	0.1622
1.2574	0.1615
1.2665	0.1607
1.2756	0.1598
1.2847	0.1590
1.2939	0.1586
1.3030	0.1577
1.3122	0.1566
1.3215	0.1554
1.3308	0.1543
1.3401	0.1535
1.3494	0.1526
1.3588	0.1515
1.3682	0.1506
1.3777	0.1497
1.3872	0.1484
1.3967	0.1474
1.4062	0.1465
1.4157	0.1453
1.4252	0.1444
1.4347	0.1431
1.4441	0.1421
1.4535	0.1411
1.4629	0.1402
1.4722	0.1395
1.4815	0.1385
1.4908	0.1372
1.5000	0.1360
1.5091	0.1346
1.5182	0.1333
1.5273	0.1322
1.5363	0.1314
1.5453	0.1303
1.5542	0.1292
1.5630	0.1277
1.5718	0.1266
1.5806	0.1252
1.5892	0.1240
1.5979	0.1231
1.6064	0.1219
1.6149	0.1209
1.6233	0.1201
1.6317	0.1196
1.6400	0.1189
1.6483	0.1180
1.6565	0.1173
1.6646	0.1164
1.6727	0.1153
1.6808	0.1145
1.6887	0.1140
1.6966	0.1138
1.7045	0.1134
1.7123	0.1129
1.7200	0.1120
1.7277	0.1111
1.7353	0.1112
1.7429	0.1113
1.7504	0.1114
1.7579	0.1113
1.7653	0.1112
1.7726	0.1108
1.7799	0.1107
1.7872	0.1102
1.7943	0.1098
1.8015	0.1095
1.8086	0.1094
1.8156	0.1088
1.8227	0.1082
1.8296	0.1077
1.8366	0.1071
1.8435	0.1064
1.8503	0.1055
1.8571	0.1050
1.8639	0.1043
1.8707	0.1039
1.8774	0.1036
1.8841	0.1036
1.8908	0.1031
1.8974	0.1025
1.9040	0.1018
1.9105	0.1014
1.9171	0.1007
1.9236	0.1007
1.9300	0.1008
1.9365	0.1009
1.9429	0.1005
1.9493	0.1001
1.9557	0.0993
1.9621	0.0989
1.9684	0.0980
1.9748	0.0967
1.9810	0.0956
1.9873	0.0946
1.9935	0.0937
1.9997	0.0928
2.0059	0.0922
2.0120	0.0919
2.0182	0.0912
2.0243	0.0906
2.0304	0.0895
2.0364	0.0883
2.0424	0.0875
2.0484	0.0865
2.0543	0.0857
2.0603	0.0852
2.0662	0.0850
2.0721	0.0845
2.0780	0.0840
2.0839	0.0839
2.0898	0.0838
2.0957	0.0836
2.1016	0.0831
2.1075	0.0826
2.1134	0.0822
2.1193	0.0818
2.1252	0.0807
2.1311	0.0792
2.1370	0.0773
2.1429	0.0760
2.1487	0.0746
2.1545	0.0736
2.1603	0.0726
2.1661	0.0721
2.1719	0.0716
2.1777	0.0712
2.1836	0.0703
2.1895	0.0694
2.1954	0.0684
2.2014	0.0673
2.2074	0.0659
2.2134	0.0645
2.2196	0.0629
2.2257	0.0611
2.2320	0.0597
2.2383	0.0582
2.2446	0.0569
2.2511	0.0557
2.2576	0.0548
2.2642	0.0538
2.2709	0.0524
2.2778	0.0508
2.2847	0.0494
2.2919	0.0481
2.2991	0.0465
2.3066	0.0447
2.3142	0.0426
2.3220	0.0407
2.3301	0.0387
2.3383	0.0368
2.3469	0.0342
2.3556	0.0315
2.3646	0.0285
2.3739	0.0262
2.3833	0.0242
2.3929	0.0221
2.4027	0.0199
2.4126	0.0179
2.4227	0.0159
2.4328	0.0137
2.4429	0.0114
2.4531	0.0087
2.4632	0.0059
2.4734	0.0034
2.4836	0.0005
2.4937	-0.0033
2.5038	-0.0082
2.5137	-0.0131
2.5234	-0.0169
2.5329	-0.0188
2.5423	-0.0196
2.5514	-0.0206
2.5602	-0.0218
2.5688	-0.0226
2.5771	-0.0225
2.5851	-0.0226
2.5927	-0.0229
2.6001	-0.0230
2.6072	-0.0234
2.6139	-0.0239
2.6204	-0.0241
2.6266	-0.0242
2.6326	-0.0246
2.6383	-0.0251
2.6437	-0.0255
2.6490	-0.0256
2.6541	-0.0256
2.6589	-0.0254
2.6636	-0.0252
2.6681	-0.0249
2.6724	-0.0249
2.6766	-0.0248
2.6807	-0.0252
2.6846	-0.0258
2.6883	-0.0261
2.6920	-0.0264
2.6956	-0.0268
2.6991	-0.0275
2.7025	-0.0279
2.7058	-0.0283
2.7091	-0.0288
2.7122	-0.0293
2.7153	-0.0298
2.7184	-0.0306
2.7213	-0.0317
2.7242	-0.0326
2.7271	-0.0330
2.7299	-0.0336
2.7326	-0.0343
2.7353	-0.0351
2.7379	-0.0359
2.7405	-0.0364
2.7430	-0.0371
2.7454	-0.0382
2.7478	-0.0390
2.7501	-0.0392
2.7524	-0.0396
2.7546	-0.0403
2.7567	-0.0411
2.7588	-0.0417
2.7609	-0.0421
2.7630	-0.0430
2.7650	-0.0442
2.7670	-0.0453
2.7689	-0.0465
2.7709	-0.0476
2.7728	-0.0484
2.7747	-0.0494
2.7767	-0.0499
2.7786	-0.0499
2.7805	-0.0501
2.7824	-0.0504
2.7843	-0.0508
2.7861	-0.0514
2.7880	-0.0522
2.7898	-0.0532
2.7916	-0.0540
2.7934	-0.0551
2.7951	-0.0563
2.7968	-0.0569
2.7985	-0.0578
2.8001	-0.0585
2.8018	-0.0594
2.8033	-0.0602
2.8049	-0.0606
2.8064	-0.0614
2.8079	-0.0617
2.8093	-0.0618
2.8107	-0.0623
2.8121	-0.0628
2.8134	-0.0637
2.8146	-0.0648
2.8157	-0.0656
2.8168	-0.0659
2.8177	-0.0660
2.8185	-0.0658
2.8192	-0.0653
2.8198	-0.0651
2.8202	-0.0653
2.8206	-0.0651
2.8208	-0.0654
2.8210	-0.0658
2.8210	-0.0663
2.8211	-0.0667
2.8211	-0.0674
2.8210	-0.0682
2.8210	-0.0693
2.8210	-0.0702
2.8211	-0.0712
2.8212	-0.0716
2.8214	-0.0715
2.8216	-0.0717
2.8218	-0.0721
2.8221	-0.0726
2.8224	-0.0730
2.8227	-0.0739
2.8230	-0.0746
2.8233	-0.0756
2.8236	-0.0764
2.8239	-0.0777
2.8241	-0.0787
2.8244	-0.0798
2.8246	-0.0806
2.8248	-0.0820
2.8250	-0.0830
2.8251	-0.0839
2.8253	-0.0844
2.8254	-0.0851
2.8256	-0.0858
2.8257	-0.0865
2.8259	-0.0873
2.8261	-0.0881
2.8262	-0.0892
2.8264	-0.0900
2.8266	-0.0908
2.8268	-0.0917
2.8270	-0.0926
2.8272	-0.0935
2.8274	-0.0941
2.8276	-0.0945
2.8278	-0.0948
2.8279	-0.0952
2.8281	-0.0960
2.8283	-0.0973
2.8284	-0.0992
2.8284	-0.1009
2.8284	-0.1022
2.8284	-0.1032
2.8283	-0.1037
2.8281	-0.1049
2.8278	-0.1061
2.8275	-0.1072
2.8271	-0.1077
2.8267	-0.1084
2.8262	-0.1090
2.8256	-0.1094
2.8250	-0.1095
2.8243	-0.1100
2.8235	-0.1108
2.8227	-0.1113
2.8218	-0.1119
2.8209	-0.1126
2.8199	-0.1132
2.8189	-0.1138
2.8178	-0.1144
2.8167	-0.1147
2.8155	-0.1149
2.8143	-0.1152
2.8130	-0.1152
2.8116	-0.1160
2.8102	-0.1165
2.8087	-0.1171
2.8072	-0.1175
2.8056	-0.1182
2.8039	-0.1190
2.8021	-0.1198
2.8003	-0.1208
2.7985	-0.1216
2.7966	-0.1224
2.7947	-0.1235
2.7927	-0.1243
2.7908	-0.1248
2.7889	-0.1254
2.7869	-0.1258
2.7850	-0.1266
2.7831	-0.1277
2.7812	-0.1283
2.7794	-0.1293
2.7775	-0.1302
2.7757	-0.1305
2.7739	-0.1309
2.7720	-0.1315
2.7702	-0.1322
2.7684	-0.1329
2.7666	-0.1337
2.7647	-0.1342
2.7629	-0.1350
2.7610	-0.1357
2.7591	-0.1363
2.7571	-0.1370
2.7551	-0.1377
2.7530	-0.1385
2.7507	-0.1391
2.7483	-0.1395
2.7456	-0.1395
2.7426	-0.1395
2.7393	-0.1397
2.7357	-0.1398
2.7319	-0.1398
2.7277	-0.1392
2.7234	-0.1388
2.7189	-0.1383
2.7144	-0.1375
2.7097	-0.1368
2.7050	-0.1368
2.7004	-0.1365
2.6958	-0.1360
2.6912	-0.1362
2.6868	-0.1366
2.6826	-0.1371
2.6786	-0.1380
2.6749	-0.1389
2.6715	-0.1402
2.6685	-0.1414
2.6658	-0.1428
2.6635	-0.1443
2.6614	-0.1461
2.6596	-0.1478
2.6580	-0.1500
2.6565	-0.1529
2.6551	-0.1557
2.6538	-0.1586
2.6526	-0.1611
2.6515	-0.1634
2.6504	-0.1654
2.6494	-0.1676
2.6484	-0.1698
2.6475	-0.1717
2.6465	-0.1733
2.6455	-0.1752
2.6445	-0.1769
2.6434	-0.1780
2.6422	-0.1787
2.6409	-0.1792
2.6395	-0.1799
2.6380	-0.1810
2.6364	-0.1817
2.6347	-0.1822
2.6329	-0.1825
2.6310	-0.1831
2.6290	-0.1834
2.6269	-0.1840
2.6247	-0.1844
2.6224	-0.1847
2.6200	-0.1848
2.6174	-0.1848
2.6147	-0.1846
2.6119	-0.1846
2.6089	-0.1849
2.6058	-0.1854
2.6025	-0.1862
2.5991	-0.1866
2.5956	-0.1867
2.5919	-0.1866
2.5881	-0.1865
2.5841	-0.1867
2.5800	-0.1864
2.5758	-0.1866
2.5715	-0.1872
2.5670	-0.1885
2.5624	-0.1888
2.5577	-0.1895
2.5528	-0.1902
2.5479	-0.1906
2.5428	-0.1909
2.5377	-0.1911
2.5325	-0.1908
2.5272	-0.1908
2.5218	-0.1911
2.5163	-0.1912
2.5107	-0.1918
2.5050	-0.1921
2.4992	-0.1926
2.4933	-0.1926
2.4872	-0.1924
2.4811	-0.1917
2.4749	-0.1911
2.4685	-0.1909
2.4619	-0.1906
2.4553	-0.1905
2.4484	-0.1903
2.4415	-0.1902
2.4344	-0.1902
2.4272	-0.1898
2.4199	-0.1892
2.4124	-0.1882
2.4050	-0.1872
2.3975	-0.1861
2.3899	-0.1853
2.3824	-0.1848
2.3748	-0.1843
2.3672	-0.1837
2.3595	-0.1833
2.3519	-0.1829
2.3442	-0.1831
2.3365	-0.1834
2.3288	-0.1836
2.3210	-0.1840
2.3132	-0.1842
2.3054	-0.1843
2.2975	-0.1843
2.2896	-0.1844
2.2816	-0.1845
2.2736	-0.1840
2.2656	-0.1836
2.2576	-0.1834
2.2495	-0.1831
2.2413	-0.1832
2.2332	-0.1832
2.2250	-0.1829
2.2168	-0.1826
2.2086	-0.1828
2.2004	-0.1828
2.1923	-0.1826
2.1842	-0.1826
2.1762	-0.1830
2.1683	-0.1833
2.1604	-0.1834
2.1525	-0.1829
2.1447	-0.1824
2.1369	-0.1823
2.1291	-0.1821
2.1213	-0.1819
2.1133	-0.1812
2.1053	-0.1806
2.0971	-0.1804
2.0887	-0.1803
2.0802	-0.1804
2.0714	-0.1802
2.0625	-0.1803
2.0533	-0.1801
2.0439	-0.1797
2.0344	-0.1792
2.0246	-0.1781
2.0147	-0.1773
2.0046	-0.1764
1.9944	-0.1753
1.9841	-0.1743
1.9736	-0.1733
1.9631	-0.1722
1.9524	-0.1706
1.9417	-0.1691
1.9309	-0.1677
1.9200	-0.1671
1.9089	-0.1664
1.8978	-0.1656
1.8867	-0.1647
1.8754	-0.1637
1.8642	-0.1628
1.8530	-0.1621
1.8418	-0.1618
1.8306	-0.1610
1.8194	-0.1602
1.8082	-0.1594
1.7970	-0.1587
1.7858	-0.1576
1.7746	-0.1566
1.7634	-0.1557
1.7521	-0.1553
1.7408	-0.1550
1.7295	-0.1545
1.7184	-0.1539
1.7074	-0.1532
1.6967	-0.1524
1.6861	-0.1524
1.6758	-0.1525
1.6655	-0.1523
1.6554	-0.1525
1.6453	-0.1530
1.6352	-0.1538
1.6251	-0.1539
1.6151	-0.1542
1.6051	-0.1540
1.5952	-0.1542
1.5854	-0.1543
1.5756	-0.1546
1.5659	-0.1545
1.5563	-0.1544
1.5467	-0.1542
1.5372	-0.1544
1.5276	-0.1546
1.5181	-0.1550
1.5085	-0.1556
1.4989	-0.1560
1.4894	-0.1563
1.4798	-0.1564
1.4703	-0.1563
1.4608	-0.1562
1.4514	-0.1562
1.4421	-0.1563
1.4327	-0.1568
1.4235	-0.1573
1.4142	-0.1578
1.4051	-0.1581
1.3960	-0.1587
1.3869	-0.1593
1.3777	-0.1596
1.3686	-0.1598
1.3594	-0.1600
1.3501	-0.1601
1.3409	-0.1602
1.3318	-0.1605
1.3226	-0.1611
1.3136	-0.1618
1.3046	-0.1623
1.2957	-0.1624
1.2868	-0.1624
1.2780	-0.1622
1.2692	-0.1626
1.2605	-0.1632
1.2517	-0.1638
1.2430	-0.1643
1.2342	-0.1652
1.2254	-0.1661
1.2167	-0.1665
1.2079	-0.1669
1.1991	-0.1671
1.1903	-0.1671
1.1815	-0.1668
1.1727	-0.1670
1.1640	-0.1675
1.1552	-0.1681
1.1466	-0.1683
1.1380	-0.1688
1.1294	-0.1687
1.1209	-0.1689
1.1124	-0.1693
1.1041	-0.1696
1.0957	-0.1703
1.0873	-0.1713
1.0789	-0.1722
1.0705	-0.1731
1.0621	-0.1737
1.0536	-0.1740
1.0452	-0.1742
1.0367	-0.1744
1.0281	-0.1747
1.0196	-0.1750
1.0110	-0.1754
1.0023	-0.1754
0.9936	-0.1757
0.9849	-0.1760
0.9762	-0.1765
0.9674	-0.1771
0.9585	-0.1775
0.9497	-0.1777
0.9407	-0.1779
0.9318	-0.1779
0.9227	-0.1778
0.9137	-0.1781
0.9046	-0.1784
0.8954	-0.1785
0.8863	-0.1784
0.8770	-0.1784
0.8678	-0.1787
0.8586	-0.1789
0.8493	-0.1792
0.8400	-0.1798
0.8307	-0.1806
0.8214	-0.1812
0.8121	-0.1811
0.8028	-0.1806
0.7934	-0.1805
0.7840	-0.1808
0.7746	-0.1812
0.7651	-0.1815
0.7556	-0.1820
0.7460	-0.1826
0.7363	-0.1828
0.7265	-0.1824
0.7165	-0.1822
0.7062	-0.1819
0.6956	-0.1814
0.6847	-0.1807
0.6734	-0.1793
0.6618	-0.1776
0.6499	-0.1761
0.6376	-0.1742
0.6252	-0.1725
0.6125	-0.1709
0.5996	-0.1691
0.5867	-0.1683
0.5736	-0.1672
0.5606	-0.1663
0.5476	-0.1656
0.5347	-0.1654
0.5219	-0.1656
0.5094	-0.1660
0.4971	-0.1667
0.4851	-0.1672
0.4733	-0.1679
0.4616	-0.1683
0.4502	-0.1692
0.4389	-0.1705
0.4276	-0.1721
0.4164	-0.1737
0.4053	-0.1748
0.3941	-0.1759
0.3830	-0.1761
0.3718	-0.1766
0.3607	-0.1771
0.3495	-0.1777
0.3383	-0.1787
0.3271	-0.1802
0.3159	-0.1817
0.3048	-0.1834
0.2936	-0.1849
0.2824	-0.1859
0.2713	-0.1863
0.2602	-0.1865
0.2492	-0.1874
0.2382	-0.1890
0.2274	-0.1904
0.2166	-0.1919
0.2059	-0.1937
0.1953	-0.1957
0.1847	-0.1974
0.1742	-0.1989
0.1637	-0.2004
0.1532	-0.2014
0.1427	-0.2022
0.1322	-0.2030
0.1217	-0.2034
0.1110	-0.2034
0.1003	-0.2035
0.0895	-0.2032
0.0786	-0.2026
0.0676	-0.2010
0.0565	-0.1990
0.0454	-0.1970
0.0342	-0.1946
0.0229	-0.1918
0.0115	-0.1885
0.0001	-0.1847
-0.0112	-0.1810
-0.0226	-0.1774
-0.0340	-0.1738
-0.0452	-0.1701
-0.0564	-0.1669
-0.0674	-0.1634
-0.0782	-0.1596
-0.0887	-0.1558
-0.0990	-0.1520
-0.1090	-0.1485
-0.1187	-0.1449
-0.1280	-0.1415
-0.1369	-0.1377
-0.1455	-0.1338
-0.1538	-0.1297
-0.1619	-0.1253
-0.1696	-0.1209
-0.1771	-0.1164
-0.1845	-0.1124
-0.1917	-0.1086
-0.1989	-0.1051
-0.2060	-0.1016
-0.2131	-0.0979
-0.2203	-0.0943
-0.2276	-0.0910
-0.2350	-0.0879
-0.2426	-0.0844
-0.2505	-0.0809
-0.2586	-0.0770
-0.2671	-0.0732
-0.2758	-0.0692
-0.2849	-0.0650
-0.2943	-0.0609
-0.3039	-0.0568
-0.3138	-0.0522
-0.3238	-0.0477
-0.3341	-0.0437
-0.3445	-0.0398
-0.3550	-0.0361
-0.3656	-0.0323
-0.3763	-0.0287
-0.3870	-0.0254
-0.3977	-0.0221
-0.4085	-0.0191
-0.4192	-0.0165
-0.4299	-0.0144
-0.4406	-0.0124
-0.4512	-0.0099
-0.4619	-0.0074
-0.4724	-0.0051
-0.4830	-0.0027
-0.4935	-0.0002
-0.5039	0.0024
-0.5143	0.0047
-0.5246	0.0069
-0.5349	0.0091
-0.5451	0.0111
-0.5553	0.0130
-0.5653	0.0150
-0.5753	0.0170
-0.5852	0.0183
-0.5951	0.0197
-0.6048	0.0211
-0.6145	0.0226
-0.6241	0.0241
-0.6336	0.0255
-0.6431	0.0272
-0.6524	0.0293
-0.6617	0.0314
-0.6709	0.0333
-0.6800	0.0351
-0.6891	0.0364
-0.6982	0.0377
-0.7072	0.0389
-0.7162	0.0401
-0.7253	0.0414
-0.7344	0.0430
-0.7435	0.0443
-0.7526	0.0454
-0.7618	0.0470
-0.7710	0.0488
-0.7803	0.0504
-0.7896	0.0517
-0.7990	0.0530
-0.8085	0.0543
-0.8180	0.0559
-0.8275	0.0583
-0.8370	0.0604
-0.8466	0.0622
-0.8561	0.0642
-0.8656	0.0662
-0.8750	0.0677
-0.8843	0.0693
-0.8937	0.0707
-0.9029	0.0724
-0.9121	0.0742
-0.9213	0.0756
-0.9304	0.0771
-0.9395	0.0779
-0.9486	0.0787
-0.9576	0.0796
-0.9666	0.0808
-0.9756	0.0824
-0.9846	0.0839
-0.9935	0.0852
-1.0024	0.0860
-1.0113	0.0866
-1.0201	0.0873
-1.0290	0.0883
-1.0379	0.0895
-1.0468	0.0900
-1.0557	0.0904
-1.0646	0.0910
-1.0736	0.0919
-1.0826	0.0927
-1.0916	0.0936
-1.1006	0.0946
-1.1096	0.0958
-1.1186	0.0970
-1.1277	0.0982
-1.1367	0.0991
-1.1457	0.0999
-1.1548	0.1008
-1.1638	0.1019
-1.1729	0.1028
-1.1819	0.1037
-1.1910	0.1045
-1.2000	0.1054
-1.2090	0.1065
-1.2180	0.1075
-1.2270	0.1082
-1.2360	0.1090
-1.2450	0.1096
-1.2541	0.1104
-1.2632	0.1109
-1.2722	0.1117
-1.2814	0.1126
-1.2905	0.1135
-1.2997	0.1142
-1.3090	0.1146
-1.3183	0.1149
-1.3276	0.1156
-1.3370	0.1165
-1.3464	0.1172
-1.3559	0.1182
-1.3653	0.1192
-1.3748	0.1199
-1.3843	0.1207
-1.3938	0.1217
-1.4032	0.1230
-1.4127	0.1243
-1.4221	0.1256
-1.4315	0.1265
-1.4408	0.1276
-1.4501	0.1288
-1.4594	0.1296
-1.4686	0.1303
-1.4778	0.1308
-1.4869	0.1313
-1.4961	0.1315
-1.5051	0.1317
-1.5142	0.1318
-1.5232	0.1320
-1.5321	0.1318
-1.5410	0.1318
-1.5499	0.1320
-1.5587	0.1325
-1.5674	0.1329
-1.5761	0.1330
-1.5847	0.1329
-1.5933	0.1329
-1.6018	0.1325
-1.6102	0.1324
-1.6186	0.1324
-1.6270	0.1324
-1.6352	0.1321
-1.6434	0.1318
-1.6516	0.1316
-1.6597	0.1313
-1.6678	0.1313
-1.6758	0.1315
-1.6837	0.1316
-1.6916	0.1317
-1.6994	0.1319
-1.7072	0.1321
-1.7149	0.1322
-1.7225	0.1319
-1.7301	0.1318
-1.7377	0.1318
-1.7452	0.1313
-1.7526	0.1311
-1.7600	0.1306
-1.7673	0.1300
-1.7746	0.1294
-1.7818	0.1290
-1.7890	0.1286
-1.7961	0.1282
-1.8032	0.1276
-1.8103	0.1272
-1.8173	0.1270
-1.8243	0.1267
-1.8312	0.1263
-1.8381	0.1264
-1.8450	0.1262
-1.8518	0.1258
-1.8586	0.1254
-1.8654	0.1253
-1.8721	0.1251
-1.8788	0.1249
-1.8854	0.1248
-1.8921	0.1250
-1.8986	0.1248
-1.9052	0.1249
-1.9117	0.1248
-1.9182	0.1247
-1.9247	0.1243
-1.9312	0.1238
-1.9376	0.1236
-1.9440	0.1238
-1.9504	0.1237
-1.9568	0.1233
-1.9632	0.1229
-1.9695	0.1228
-1.9758	0.1234
-1.9820	0.1239
-1.9882	0.1242
-1.9945	0.1241
-2.0006	0.1233
-2.0068	0.1228
-2.0129	0.1223
-2.0190	0.1219
-2.0251	0.1216
-2.0311	0.1214
-2.0371	0.1214
-2.0431	0.1216
-2.0491	0.1216
-2.0550	0.1210
-2.0609	0.1205
-2.0669	0.1204
-2.0728	0.1203
-2.0788	0.1200
-2.0847	0.1194
-2.0906	0.1188
-2.0966	0.1188
-2.1025	0.1189
-2.1085	0.1188
-2.1144	0.1189
-2.1204	0.1191
-2.1263	0.1195
-2.1321	0.1200
-2.1380	0.1204
-2.1439	0.1204
-2.1497	0.1200
-2.1556	0.1194
-2.1614	0.1187
-2.1673	0.1180
-2.1732	0.1171
-2.1792	0.1168
-2.1852	0.1166
-2.1912	0.1162
-2.1973	0.1161
-2.2034	0.1163
-2.2096	0.1168
-2.2158	0.1174
-2.2221	0.1178
-2.2285	0.1184
-2.2349	0.1191
-2.2414	0.1197
-2.2480	0.1198
-2.2547	0.1201
-2.2615	0.1205
-2.2684	0.1207
-2.2755	0.1214
-2.2827	0.1218
-2.2901	0.1219
-2.2977	0.1219
-2.3054	0.1221
-2.3134	0.1230
-2.3217	0.1242
-2.3301	0.1256
-2.3388	0.1268
-2.3478	0.1282
-2.3569	0.1298
-2.3664	0.1311
-2.3759	0.1317
-2.3857	0.1327
-2.3956	0.1337
-2.4057	0.1344
-2.4159	0.1353
-2.4261	0.1368
-2.4363	0.1380
-2.4466	0.1391
-2.4569	0.1401
-2.4672	0.1410
-2.4775	0.1431
-2.4877	0.1473
-2.4978	0.1520
-2.5078	0.1555
-2.5176	0.1570
-2.5272	0.1575
-2.5366	0.1578
-2.5457	0.1584
-2.5546	0.1585
-2.5631	0.1579
-2.5714	0.1573
-2.5793	0.1567
-2.5870	0.1559
-2.5943	0.1549
-2.6013	0.1536
-2.6080	0.1525
-2.6145	0.1516
-2.6207	0.1507
-2.6266	0.1499
-2.6322	0.1489
-2.6377	0.1475
-2.6429	0.1462
-2.6479	0.1452
-2.6527	0.1445
-2.6574	0.1441
-2.6618	0.1436
-2.6661	0.1430
-2.6703	0.1419
-2.6743	0.1404
-2.6782	0.1391
-2.6820	0.1378
-2.6857	0.1368
-2.6893	0.1360
-2.6928	0.1353
-2.6962	0.1345
-2.6995	0.1334
-2.7028	0.1320
-2.7060	0.1305
-2.7092	0.1291
-2.7123	0.1280
-2.7154	0.1268
-2.7184	0.1257
-2.7214	0.1248
-2.7243	0.1242
-2.7271	0.1235
-2.7299	0.1226
-2.7327	0.1222
-2.7353	0.1218
-2.7379	0.1212
-2.7404	0.1206
-2.7429	0.1196
-2.7453	0.1188
-2.7476	0.1178
-2.7499	0.1172
-2.7522	0.1165
-2.7544	0.1154
-2.7565	0.1147
-2.7587	0.1142
-2.7607	0.1130
-2.7628	0.1119
-2.7648	0.1113
-2.7669	0.1107
-2.7688	0.1100
-2.7709	0.1092
-2.7728	0.1084
-2.7748	0.1076
-2.7768	0.1070
-2.7787	0.1064
-2.7807	0.1057
-2.7826	0.1050
-2.7845	0.1044
-2.7864	0.1033
-2.7883	0.1025
-2.7901	0.1019
-2.7918	0.1014
-2.7935	0.1012
-2.7952	0.1013
-2.7968	0.1011
-2.7983	0.1008
-2.7999	0.1004
-2.8014	0.1001
-2.8029	0.1001
-2.8044	0.0994
-2.8059	0.0986
-2.8074	0.0979
-2.8088	0.0973
-2.8103	0.0965
-2.8116	0.0954
-2.8130	0.0945
-2.8142	0.0937
-2.8153	0.0926
-2.8163	0.0919
-2.8172	0.0912
-2.8180	0.0905
-2.8186	0.0897
-2.8190	0.0885
-2.8193	0.0875
-2.8195	0.0871
-2.8196	0.0863
-2.8196	0.0849
-2.8196	0.0835
-2.8196	0.0819
-2.8195	0.0804
-2.8195	0.0791
-2.8195	0.0785
-2.8196	0.0777
-2.8197	0.0770
-2.8199	0.0760
-2.8201	0.0749
-2.8204	0.0743
-2.8207	0.0737
-2.8210	0.0737
-2.8213	0.0737
-2.8217	0.0734
-2.8220	0.0728
-2.8223	0.0727
-2.8227	0.0723
-2.8230	0.0718
-2.8233	0.0714
-2.8236	0.0710
-2.8238	0.0704
-2.8241	0.0697
-2.8244	0.0688
-2.8246	0.0683
-2.8249	0.0681
-2.8251	0.0681
-2.8254	0.0679
-2.8257	0.0672
-2.8259	0.0667
-2.8262	0.0661
-2.8265	0.0655
-2.8268	0.0644
-2.8271	0.0637
-2.8273	0.0630
-2.8276	0.0629
-2.8279	0.0628
-2.8282	0.0622
-2.8284	0.0620
-2.8286	0.0618
-2.8288	0.0615
-2.8290	0.0615
-2.8291	0.0613
-2.8292	0.0613
-2.8291	0.0613
-2.8291	0.0608
-2.8290	0.0602
-2.8288	0.0597
-2.8285	0.0587
-2.8282	0.0575
-2.8278	0.0565
-2.8273	0.0558
-2.8268	0.0555
-2.8261	0.0551
-2.8254	0.0549
-2.8247	0.0550
-2.8238	0.0549
-2.8229	0.0546
-2.8220	0.0542
-2.8210	0.0538
-2.8200	0.0529
-2.8189	0.0520
-2.8178	0.0512
-2.8166	0.0503
-2.8154	0.0489
-2.8141	0.0481
-2.8128	0.0477
-2.8114	0.0473
-2.8100	0.0465
-2.8085	0.0459
-2.8069	0.0448
-2.8054	0.0441
-2.8037	0.0433
-2.8021	0.0426
-2.8004	0.0422
-2.7986	0.0416
-2.7969	0.0408
-2.7952	0.0400
-2.7934	0.0394
-2.7917	0.0390
-2.7900	0.0386
-2.7882	0.0384
-2.7865	0.0382
-2.7848	0.0380
-2.7831	0.0383
-2.7814	0.0383
-2.7796	0.0383
-2.7779	0.0383
-2.7762	0.0385
-2.7745	0.0384
-2.7727	0.0377
-2.7709	0.0370
-2.7691	0.0365
-2.7673	0.0358
-2.7654	0.0353
-2.7635	0.0349
-2.7616	0.0345
-2.7595	0.0340
-2.7574	0.0330
-2.7551	0.0321
-2.7526	0.0310
-2.7499	0.0298
-2.7469	0.0282
-2.7436	0.0267
-2.7400	0.0252
-2.7362	0.0238
-2.7321	0.0228
-2.7278	0.0214
-2.7233	0.0200
-2.7188	0.0188
-2.7141	0.0171
-2.7095	0.0157
-2.7048	0.0142
-2.7002	0.0131
-2.6957	0.0122
-2.6913	0.0117
-2.6872	0.0111
-2.6834	0.0111
-2.6798	0.0115
-2.6767	0.0119
-2.6738	0.0124
-2.6714	0.0132
-2.6693	0.0142
-2.6675	0.0156
-2.6660	0.0168
-2.6647	0.0178
-2.6636	0.0190
-2.6625	0.0202
-2.6615	0.0214
-2.6606	0.0224
-2.6597	0.0235
-2.6588	0.0244
-2.6579	0.0251
-2.6570	0.0254
-2.6560	0.0258
-2.6551	0.0267
-2.6541	0.0274
-2.6530	0.0280
-2.6519	0.0281
-2.6507	0.0282
-2.6495	0.0286
-2.6481	0.0291
-2.6467	0.0294
-2.6452	0.0297
-2.6436	0.0297
-2.6419	0.0295
-2.6401	0.0290
-2.6381	0.0283
-2.6361	0.0278
-2.6338	0.0275
-2.6315	0.0274
-2.6290	0.0272
-2.6263	0.0270
-2.6235	0.0266
-2.6205	0.0264
-2.6174	0.0259
-2.6142	0.0251
-2.6108	0.0240
-2.6073	0.0230
-2.6036	0.0221
-2.5998	0.0211
-2.5959	0.0203
-2.5918	0.0198
-2.5875	0.0192
-2.5831	0.0189
-2.5786	0.0185
-2.5739	0.0182
-2.5691	0.0175
-2.5642	0.0171
-2.5592	0.0167
-2.5541	0.0162
-2.5490	0.0157
-2.5438	0.0151
-2.5386	0.0146
-2.5333	0.0141
-2.5280	0.0138
-2.5226	0.0130
-2.5172	0.0123
-2.5117	0.0117
-2.5061	0.0110
-2.5003	0.0101
-2.4945	0.0091
-2.4886	0.0084
-2.4825	0.0079
-2.4763	0.0074
-2.4699	0.0067
-2.4634	0.0060
-2.4566	0.0055
-2.4497	0.0051
-2.4427	0.0041
-2.4355	0.0030
-2.4283	0.0019
-2.4210	0.0005
-2.4136	-0.0006
-2.4063	-0.0017
-2.3989	-0.0029
-2.3914	-0.0040
-2.3840	-0.0052
-2.3765	-0.0067
-2.3689	-0.0076
-2.3613	-0.0084
-2.3537	-0.0094
-2.3460	-0.0103
-2.3382	-0.0112
-2.3305	-0.0119
-2.3226	-0.0127
-2.3148	-0.0136
-2.3070	-0.0142
-2.2992	-0.0152
-2.2913	-0.0157
-2.2835	-0.0161
-2.2756	-0.0162
-2.2678	-0.0165
-2.2599	-0.0171
-2.2520	-0.0179
-2.2440	-0.0188
-2.2360	-0.0194
-2.2280	-0.0198
-2.2200	-0.0204
-2.2119	-0.0209
-2.2039	-0.0215
-2.1959	-0.0222
-2.1879	-0.0229
-2.1800	-0.0237
-2.1721	-0.0246
-2.1643	-0.0252
-2.1564	-0.0261
-2.1486	-0.0268
-2.1407	-0.0277
-2.1327	-0.0282
-2.1247	-0.0284
-2.1166	-0.0288
-2.1083	-0.0293
-2.0999	-0.0300
-2.0913	-0.0307
-2.0825	-0.0315
-2.0735	-0.0326
-2.0643	-0.0339
-2.0549	-0.0355
-2.0453	-0.0370
-2.0355	-0.0386
-2.0255	-0.0398
-2.0154	-0.0411
-2.0052	-0.0428
-1.9948	-0.0443
-1.9843	-0.0455
-1.9737	-0.0470
-1.9631	-0.0483
-1.9525	-0.0501
-1.9418	-0.0512
-1.9310	-0.0526
-1.9202	-0.0536
-1.9094	-0.0545
-1.8985	-0.0554
-1.8875	-0.0560
-1.8765	-0.0567
-1.8655	-0.0578
-1.8545	-0.0590
-1.8435	-0.0604
-1.8324	-0.0617
-1.8213	-0.0628
-1.8101	-0.0640
-1.7989	-0.0653
-1.7876	-0.0670
-1.7762	-0.0684
-1.7648	-0.0695
-1.7534	-0.0706
-1.7421	-0.0708
-1.7309	-0.0717
-1.7200	-0.0730
-1.7093	-0.0740
-1.6988	-0.0743
-1.6884	-0.0745
-1.6782	-0.0747
-1.6680	-0.0744
-1.6579	-0.0747
-1.6478	-0.0748
-1.6378	-0.0751
-1.6279	-0.0751
-1.6180	-0.0752
-1.6083	-0.0752
-1.5985	-0.0753
-1.5889	-0.0758
-1.5793	-0.0763
-1.5698	-0.0770
-1.5602	-0.0777
-1.5507	-0.0785
-1.5412	-0.0789
-1.5317	-0.0790
-1.5222	-0.0794
-1.5128	-0.0799
-1.5033	-0.0803
-1.4938	-0.0806
-1.4844	-0.0806
-1.4749	-0.0807
-1.4655	-0.0813
-1.4562	-0.0818
