-2.3281	-0.0042
-2.3081	-0.0180
-2.2883	-0.0175
-2.2687	-0.0169
-2.2493	-0.0162
-2.2300	-0.0160
-2.2109	-0.0159
-2.1919	-0.0157
-2.1730	-0.0153
-2.1542	-0.0152
-2.1355	-0.0153
-2.1169	-0.0154
-2.0984	-0.0157
-2.0800	-0.0160
-2.0616	-0.0167
-2.0433	-0.0173
-2.0251	-0.0177
-2.0070	-0.0181
-1.9889	-0.0183
-1.9709	-0.0184
-1.9529	-0.0189
-1.9351	-0.0193
-1.9174	-0.0197
-1.8997	-0.0202
-1.8822	-0.0212
-1.8648	-0.0218
-1.8475	-0.0226
-1.8304	-0.0230
-1.8133	-0.0230
-1.7963	-0.0228
-1.7793	-0.0224
-1.7624	-0.0222
-1.7455	-0.0224
-1.7285	-0.0226
-1.7115	-0.0231
-1.6945	-0.0238
-1.6775	-0.0243
-1.6604	-0.0251
-1.6433	-0.0257
-1.6261	-0.0264
-1.6089	-0.0271
-1.5916	-0.0281
-1.5742	-0.0292
-1.5569	-0.0302
-1.5395	-0.0310
-1.5222	-0.0319
-1.5050	-0.0329
-1.4878	-0.0342
-1.4708	-0.0351
-1.4539	-0.0362
-1.4371	-0.0369
-1.4204	-0.0378
-1.4039	-0.0385
-1.3874	-0.0391
-1.3709	-0.0396
-1.3546	-0.0402
-1.3382	-0.0408
-1.3220	-0.0411
-1.3057	-0.0418
-1.2895	-0.0423
-1.2734	-0.0428
-1.2573	-0.0430
-1.2412	-0.0432
-1.2252	-0.0433
-1.2092	-0.0436
-1.1933	-0.0438
-1.1774	-0.0440
-1.1615	-0.0445
-1.1456	-0.0453
-1.1297	-0.0462
-1.1139	-0.0469
-1.0981	-0.0477
-1.0823	-0.0486
-1.0666	-0.0492
-1.0509	-0.0492
-1.0353	-0.0491
-1.0198	-0.0494
-1.0043	-0.0495
-0.9889	-0.0497
-0.9735	-0.0499
-0.9581	-0.0505
-0.9428	-0.0512
-0.9273	-0.0516
-0.9118	-0.0518
-0.8963	-0.0524
-0.8806	-0.0530
-0.8649	-0.0532
-0.8490	-0.0534
-0.8331	-0.0535
-0.8170	-0.0540
-0.8009	-0.0550
-0.7847	-0.0563
-0.7684	-0.0578
-0.7521	-0.0590
-0.7357	-0.0601
-0.7192	-0.0614
-0.7027	-0.0626
-0.6861	-0.0639
-0.6694	-0.0650
-0.6527	-0.0666
-0.6360	-0.0686
-0.6194	-0.0702
-0.6027	-0.0719
-0.5861	-0.0733
-0.5696	-0.0745
-0.5532	-0.0759
-0.5368	-0.0772
-0.5205	-0.0782
-0.5043	-0.0792
-0.4881	-0.0803
-0.4720	-0.0814
-0.4560	-0.0826
-0.4400	-0.0836
-0.4241	-0.0847
-0.4082	-0.0858
-0.3923	-0.0867
-0.3766	-0.0875
-0.3608	-0.0884
-0.3451	-0.0893
-0.3295	-0.0899
-0.3139	-0.0906
-0.2985	-0.0914
-0.2833	-0.0921
-0.2683	-0.0928
-0.2536	-0.0933
-0.2392	-0.0938
-0.2249	-0.0942
-0.2109	-0.0946
-0.1969	-0.0942
-0.1830	-0.0939
-0.1692	-0.0933
-0.1554	-0.0928
-0.1417	-0.0930
-0.1281	-0.0933
-0.1145	-0.0938
-0.1010	-0.0943
-0.0876	-0.0949
-0.0742	-0.0954
-0.0608	-0.0960
-0.0474	-0.0966
-0.0340	-0.0969
-0.0206	-0.0971
-0.0071	-0.0971
0.0063	-0.0973
0.0198	-0.0972
0.0333	-0.0976
0.0467	-0.0982
0.0602	-0.0990
0.0736	-0.0991
0.0870	-0.0994
0.1003	-0.0997
0.1136	-0.0999
0.1269	-0.1001
0.1400	-0.1002
0.1532	-0.1004
0.1662	-0.1002
0.1793	-0.0998
0.1923	-0.0995
0.2055	-0.0996
0.2186	-0.0998
0.2318	-0.0995
0.2450	-0.0993
0.2582	-0.0991
0.2713	-0.0989
0.2844	-0.0986
0.2974	-0.0983
0.3104	-0.0980
0.3234	-0.0976
0.3364	-0.0969
0.3495	-0.0962
0.3625	-0.0963
0.3756	-0.0962
0.3887	-0.0958
0.4019	-0.0952
0.4151	-0.0944
0.4284	-0.0940
0.4417	-0.0937
0.4551	-0.0931
0.4685	-0.0930
0.4820	-0.0926
0.4955	-0.0924
0.5090	-0.0925
0.5225	-0.0929
0.5361	-0.0932
0.5496	-0.0932
0.5631	-0.0930
0.5766	-0.0930
0.5900	-0.0929
0.6035	-0.0930
0.6170	-0.0933
0.6305	-0.0933
0.6440	-0.0933
0.6575	-0.0933
0.6710	-0.0933
0.6846	-0.0938
0.6981	-0.0944
0.7116	-0.0947
0.7251	-0.0953
0.7387	-0.0961
0.7523	-0.0967
0.7658	-0.0970
0.7795	-0.0972
0.7931	-0.0971
0.8068	-0.0972
0.8206	-0.0976
0.8344	-0.0983
0.8482	-0.0993
0.8620	-0.1003
0.8759	-0.1016
0.8897	-0.1034
0.9036	-0.1050
0.9175	-0.1068
0.9314	-0.1087
0.9453	-0.1106
0.9592	-0.1130
0.9731	-0.1155
0.9870	-0.1181
1.0010	-0.1209
1.0149	-0.1237
1.0288	-0.1264
1.0428	-0.1292
1.0569	-0.1323
1.0709	-0.1353
1.0850	-0.1375
1.0991	-0.1397
1.1132	-0.1420
1.1274	-0.1442
1.1416	-0.1456
1.1559	-0.1467
1.1702	-0.1477
1.1846	-0.1484
1.1992	-0.1491
1.2139	-0.1499
1.2288	-0.1505
1.2440	-0.1513
1.2594	-0.1518
1.2750	-0.1519
1.2908	-0.1515
1.3067	-0.1505
1.3227	-0.1487
1.3388	-0.1465
1.3550	-0.1436
1.3711	-0.1398
1.3872	-0.1348
1.4032	-0.1290
1.4191	-0.1221
1.4348	-0.1143
1.4502	-0.1055
1.4653	-0.0953
1.4802	-0.0843
1.4947	-0.0727
1.5089	-0.0605
1.5229	-0.0482
1.5367	-0.0357
1.5504	-0.0233
1.5639	-0.0113
1.5774	-0.0002
1.5907	0.0095
1.6040	0.0175
1.6172	0.0234
1.6303	0.0279
1.6433	0.0304
1.6563	0.0312
1.6691	0.0301
1.6818	0.0274
1.6944	0.0243
1.7069	0.0210
1.7193	0.0181
1.7316	0.0157
1.7438	0.0144
1.7558	0.0146
1.7678	0.0165
1.7797	0.0202
1.7915	0.0253
1.8032	0.0313
1.8150	0.0375
1.8267	0.0438
1.8384	0.0492
1.8502	0.0533
1.8621	0.0561
1.8740	0.0576
1.8860	0.0579
1.8981	0.0576
1.9104	0.0573
1.9228	0.0568
1.9353	0.0572
1.9479	0.0584
1.9606	0.0605
1.9734	0.0635
1.9864	0.0668
1.9993	0.0694
2.0123	0.0710
2.0254	0.0717
2.0383	0.0716
2.0513	0.0713
2.0641	0.0713
2.0769	0.0717
2.0896	0.0732
2.1021	0.0754
2.1144	0.0780
2.1265	0.0804
2.1384	0.0828
2.1500	0.0849
2.1613	0.0862
2.1723	0.0878
2.1830	0.0903
2.1934	0.0937
2.2034	0.0978
2.2132	0.1020
2.2227	0.1059
2.2320	0.1094
2.2411	0.1121
2.2501	0.1143
2.2589	0.1164
2.2677	0.1188
2.2765	0.1221
2.2853	0.1261
2.2942	0.1301
2.3033	0.1337
2.3124	0.1367
2.3218	0.1390
2.3314	0.1414
2.3412	0.1444
2.3513	0.1474
2.3617	0.1500
2.3723	0.1522
2.3832	0.1538
2.3944	0.1550
2.4057	0.1561
2.4172	0.1566
2.4289	0.1572
2.4406	0.1581
2.4524	0.1590
2.4643	0.1596
2.4762	0.1602
2.4881	0.1606
2.5000	0.1608
2.5119	0.1612
2.5238	0.1618
2.5356	0.1625
2.5474	0.1632
2.5592	0.1637
2.5709	0.1645
2.5825	0.1651
2.5941	0.1659
2.6056	0.1665
2.6170	0.1672
2.6283	0.1681
2.6396	0.1690
2.6508	0.1702
2.6618	0.1716
2.6728	0.1724
2.6836	0.1729
2.6943	0.1739
2.7049	0.1753
2.7153	0.1764
2.7257	0.1772
2.7359	0.1780
2.7461	0.1791
2.7561	0.1801
2.7660	0.1809
2.7758	0.1816
2.7856	0.1823
2.7952	0.1832
2.8048	0.1844
2.8142	0.1857
2.8236	0.1870
2.8329	0.1886
2.8422	0.1900
2.8513	0.1913
2.8605	0.1927
2.8696	0.1939
2.8788	0.1948
2.8879	0.1956
2.8970	0.1962
2.9062	0.1970
2.9153	0.1980
2.9245	0.1987
2.9337	0.1997
2.9430	0.2009
2.9522	0.2020
2.9615	0.2029
2.9707	0.2038
2.9800	0.2045
2.9892	0.2047
2.9983	0.2046
3.0074	0.2045
3.0165	0.2047
3.0255	0.2050
3.0344	0.2052
3.0433	0.2053
3.0522	0.2054
3.0611	0.2059
3.0699	0.2062
3.0787	0.2063
3.0875	0.2066
3.0963	0.2069
3.1050	0.2072
3.1137	0.2076
3.1224	0.2080
3.1311	0.2084
3.1398	0.2091
3.1484	0.2095
3.1570	0.2101
3.1656	0.2102
3.1742	0.2103
3.1828	0.2108
3.1914	0.2113
3.2000	0.2114
3.2085	0.2116
3.2171	0.2119
3.2256	0.2118
3.2342	0.2119
3.2427	0.2119
3.2512	0.2120
3.2596	0.2121
3.2680	0.2118
3.2764	0.2116
3.2847	0.2114
3.2930	0.2112
3.3012	0.2107
3.3094	0.2105
3.3175	0.2105
3.3256	0.2105
3.3336	0.2101
3.3416	0.2101
3.3496	0.2099
3.3576	0.2097
3.3655	0.2092
3.3734	0.2086
3.3813	0.2080
3.3892	0.2074
3.3971	0.2069
3.4050	0.2066
3.4128	0.2062
3.4206	0.2058
3.4285	0.2054
3.4362	0.2047
3.4440	0.2044
3.4518	0.2042
3.4595	0.2037
3.4672	0.2028
3.4748	0.2016
3.4824	0.2004
3.4899	0.1992
3.4973	0.1981
3.5047	0.1968
3.5120	0.1955
3.5191	0.1946
3.5262	0.1939
3.5332	0.1932
3.5401	0.1927
3.5469	0.1920
3.5536	0.1909
3.5602	0.1897
3.5667	0.1885
3.5732	0.1875
3.5795	0.1869
3.5857	0.1858
3.5918	0.1850
3.5979	0.1842
3.6038	0.1833
3.6097	0.1821
3.6154	0.1812
3.6211	0.1804
3.6267	0.1799
3.6321	0.1795
3.6375	0.1789
3.6429	0.1783
3.6481	0.1777
3.6532	0.1775
3.6583	0.1770
3.6633	0.1766
3.6682	0.1762
3.6731	0.1755
3.6779	0.1751
3.6826	0.1749
3.6873	0.1750
3.6919	0.1749
3.6964	0.1744
3.7009	0.1741
3.7053	0.1736
3.7097	0.1732
3.7140	0.1728
3.7183	0.1721
3.7225	0.1716
3.7266	0.1713
3.7307	0.1713
3.7348	0.1714
3.7388	0.1714
3.7427	0.1711
3.7466	0.1709
3.7505	0.1708
3.7544	0.1708
3.7582	0.1708
3.7619	0.1706
3.7657	0.1704
3.7694	0.1702
3.7731	0.1700
3.7768	0.1699
3.7805	0.1697
3.7841	0.1695
3.7877	0.1691
3.7912	0.1690
3.7948	0.1689
3.7983	0.1685
3.8018	0.1677
3.8052	0.1669
3.8087	0.1663
3.8121	0.1658
3.8155	0.1654
3.8189	0.1653
3.8222	0.1653
3.8256	0.1653
3.8289	0.1649
3.8322	0.1643
3.8355	0.1641
3.8387	0.1634
3.8419	0.1625
3.8451	0.1614
3.8483	0.1601
3.8514	0.1596
3.8545	0.1593
3.8576	0.1587
3.8606	0.1579
3.8637	0.1574
3.8667	0.1568
3.8697	0.1562
3.8726	0.1554
3.8756	0.1550
3.8785	0.1549
3.8814	0.1552
3.8843	0.1554
3.8873	0.1552
3.8901	0.1547
3.8930	0.1538
3.8959	0.1533
3.8987	0.1527
3.9015	0.1523
3.9043	0.1517
3.9071	0.1514
3.9098	0.1509
3.9125	0.1498
3.9151	0.1484
3.9177	0.1473
3.9203	0.1462
3.9229	0.1457
3.9255	0.1455
3.9280	0.1452
3.9306	0.1451
3.9331	0.1448
3.9357	0.1444
3.9382	0.1436
3.9407	0.1428
3.9433	0.1418
3.9458	0.1408
3.9483	0.1396
3.9508	0.1380
3.9534	0.1364
3.9559	0.1352
3.9584	0.1340
3.9610	0.1326
3.9636	0.1311
3.9662	0.1300
3.9689	0.1291
3.9716	0.1279
3.9743	0.1266
3.9771	0.1249
3.9800	0.1234
3.9828	0.1218
3.9858	0.1200
3.9887	0.1179
3.9918	0.1158
3.9949	0.1135
3.9981	0.1116
4.0013	0.1093
4.0047	0.1067
4.0081	0.1040
4.0116	0.1011
4.0151	0.0985
4.0186	0.0964
4.0221	0.0943
4.0256	0.0918
4.0290	0.0892
4.0323	0.0865
4.0354	0.0834
4.0384	0.0804
4.0412	0.0775
4.0437	0.0748
4.0461	0.0718
4.0483	0.0685
4.0501	0.0641
4.0517	0.0582
4.0528	0.0529
4.0537	0.0501
4.0541	0.0494
4.0541	0.0484
4.0538	0.0468
4.0530	0.0453
4.0518	0.0444
4.0502	0.0439
4.0482	0.0433
4.0458	0.0426
4.0430	0.0418
4.0399	0.0415
4.0365	0.0412
4.0328	0.0409
4.0288	0.0406
4.0246	0.0403
4.0201	0.0398
4.0155	0.0394
4.0106	0.0390
4.0056	0.0388
4.0004	0.0383
3.9952	0.0374
3.9897	0.0366
3.9842	0.0360
3.9786	0.0355
3.9729	0.0353
3.9672	0.0348
3.9614	0.0347
3.9555	0.0346
3.9497	0.0345
3.9439	0.0338
3.9380	0.0333
3.9322	0.0325
3.9264	0.0317
3.9205	0.0312
3.9147	0.0309
3.9088	0.0306
3.9030	0.0300
3.8972	0.0293
3.8913	0.0285
3.8855	0.0282
3.8796	0.0275
3.8738	0.0268
3.8679	0.0262
3.8620	0.0255
3.8560	0.0244
3.8501	0.0234
3.8441	0.0225
3.8381	0.0215
3.8321	0.0204
3.8260	0.0194
3.8200	0.0183
3.8139	0.0173
3.8079	0.0164
3.8018	0.0156
3.7958	0.0150
3.7898	0.0141
3.7838	0.0135
3.7779	0.0130
3.7720	0.0124
3.7661	0.0118
3.7602	0.0115
3.7544	0.0108
3.7486	0.0102
3.7428	0.0092
3.7370	0.0080
3.7312	0.0066
3.7254	0.0055
3.7196	0.0042
3.7137	0.0032
3.7078	0.0023
3.7018	0.0014
3.6958	0.0008
3.6898	0.0002
3.6838	-0.0003
3.6777	-0.0008
3.6717	-0.0012
3.6656	-0.0019
3.6595	-0.0025
3.6534	-0.0030
3.6473	-0.0036
3.6412	-0.0039
3.6351	-0.0045
3.6289	-0.0053
3.6226	-0.0061
3.6163	-0.0071
3.6098	-0.0080
3.6033	-0.0086
3.5967	-0.0091
3.5900	-0.0091
3.5832	-0.0093
3.5763	-0.0100
3.5694	-0.0107
3.5623	-0.0115
3.5553	-0.0121
3.5482	-0.0128
3.5412	-0.0136
3.5342	-0.0147
3.5273	-0.0157
3.5204	-0.0165
3.5136	-0.0170
3.5068	-0.0173
3.5001	-0.0180
3.4935	-0.0189
3.4869	-0.0196
3.4803	-0.0206
3.4737	-0.0218
3.4671	-0.0233
3.4604	-0.0249
3.4537	-0.0266
3.4470	-0.0281
3.4402	-0.0296
3.4333	-0.0312
3.4265	-0.0327
3.4196	-0.0338
3.4126	-0.0348
3.4057	-0.0358
3.3987	-0.0370
3.3916	-0.0385
3.3846	-0.0398
3.3775	-0.0411
3.3704	-0.0420
3.3633	-0.0425
3.3561	-0.0431
3.3489	-0.0438
3.3416	-0.0448
3.3342	-0.0457
3.3268	-0.0469
3.3192	-0.0479
3.3116	-0.0489
3.3039	-0.0496
3.2962	-0.0509
3.2883	-0.0528
3.2803	-0.0553
3.2723	-0.0573
3.2641	-0.0585
3.2559	-0.0593
3.2475	-0.0601
3.2391	-0.0610
3.2305	-0.0619
3.2219	-0.0628
3.2131	-0.0638
3.2043	-0.0648
3.1954	-0.0656
3.1865	-0.0665
3.1775	-0.0674
3.1684	-0.0683
3.1594	-0.0689
3.1502	-0.0695
3.1411	-0.0700
3.1319	-0.0711
3.1227	-0.0722
3.1135	-0.0733
3.1043	-0.0747
3.0951	-0.0758
3.0858	-0.0768
3.0766	-0.0775
3.0673	-0.0783
3.0580	-0.0791
3.0487	-0.0798
3.0393	-0.0808
3.0298	-0.0818
3.0204	-0.0829
3.0108	-0.0840
3.0012	-0.0855
2.9916	-0.0871
2.9819	-0.0886
2.9721	-0.0896
2.9622	-0.0904
2.9523	-0.0914
2.9424	-0.0925
2.9324	-0.0937
2.9224	-0.0948
2.9124	-0.0955
2.9023	-0.0957
2.8922	-0.0962
2.8820	-0.0971
2.8718	-0.0982
2.8616	-0.0993
2.8513	-0.1002
2.8410	-0.1011
2.8306	-0.1020
2.8201	-0.1028
2.8096	-0.1038
2.7990	-0.1053
2.7883	-0.1065
2.7776	-0.1079
2.7668	-0.1090
2.7560	-0.1101
2.7451	-0.1110
2.7342	-0.1119
2.7232	-0.1130
2.7121	-0.1135
2.7010	-0.1141
2.6897	-0.1148
2.6783	-0.1153
2.6666	-0.1157
2.6548	-0.1157
2.6428	-0.1159
2.6306	-0.1164
2.6183	-0.1166
2.6059	-0.1163
2.5934	-0.1162
2.5809	-0.1163
2.5684	-0.1165
2.5559	-0.1163
2.5435	-0.1160
2.5312	-0.1154
2.5189	-0.1152
2.5068	-0.1152
2.4950	-0.1158
2.4834	-0.1165
2.4720	-0.1177
2.4610	-0.1190
2.4503	-0.1205
2.4398	-0.1222
2.4297	-0.1239
2.4197	-0.1258
2.4099	-0.1286
2.4001	-0.1314
2.3903	-0.1339
2.3805	-0.1365
2.3706	-0.1391
2.3607	-0.1416
2.3507	-0.1440
2.3406	-0.1466
2.3305	-0.1490
2.3203	-0.1519
2.3099	-0.1542
2.2995	-0.1561
2.2889	-0.1576
2.2782	-0.1587
2.2674	-0.1602
2.2563	-0.1616
2.2451	-0.1631
2.2337	-0.1645
2.2221	-0.1660
2.2103	-0.1671
2.1984	-0.1682
2.1864	-0.1692
2.1742	-0.1706
2.1618	-0.1720
2.1493	-0.1733
2.1367	-0.1745
2.1238	-0.1754
2.1108	-0.1762
2.0976	-0.1768
2.0841	-0.1776
2.0705	-0.1789
2.0567	-0.1801
2.0426	-0.1810
2.0284	-0.1814
2.0140	-0.1816
1.9994	-0.1818
1.9847	-0.1822
1.9699	-0.1826
1.9549	-0.1827
1.9399	-0.1832
1.9248	-0.1836
1.9096	-0.1837
1.8943	-0.1838
1.8790	-0.1841
1.8636	-0.1844
1.8482	-0.1847
1.8328	-0.1850
1.8174	-0.1851
1.8020	-0.1848
1.7865	-0.1850
1.7710	-0.1854
1.7555	-0.1859
1.7399	-0.1866
1.7243	-0.1871
1.7085	-0.1873
1.6927	-0.1875
1.6768	-0.1875
1.6608	-0.1875
1.6447	-0.1874
1.6286	-0.1874
1.6123	-0.1868
1.5960	-0.1863
1.5796	-0.1861
1.5632	-0.1858
1.5467	-0.1858
1.5301	-0.1859
1.5135	-0.1861
1.4970	-0.1859
1.4804	-0.1858
1.4639	-0.1850
1.4474	-0.1844
1.4311	-0.1836
1.4147	-0.1832
1.3985	-0.1828
1.3824	-0.1825
1.3663	-0.1823
1.3503	-0.1824
1.3344	-0.1825
1.3185	-0.1824
1.3027	-0.1825
1.2869	-0.1826
1.2711	-0.1827
1.2554	-0.1829
1.2397	-0.1835
1.2239	-0.1838
1.2082	-0.1842
1.1925	-0.1841
1.1767	-0.1841
1.1610	-0.1845
1.1452	-0.1850
1.1294	-0.1850
1.1137	-0.1853
1.0979	-0.1852
1.0822	-0.1852
1.0665	-0.1852
1.0508	-0.1857
1.0352	-0.1859
1.0197	-0.1863
1.0043	-0.1867
0.9890	-0.1871
0.9737	-0.1874
0.9584	-0.1874
0.9432	-0.1873
0.9280	-0.1875
0.9128	-0.1880
0.8974	-0.1883
0.8820	-0.1885
0.8665	-0.1883
0.8508	-0.1880
0.8351	-0.1877
0.8192	-0.1870
0.8033	-0.1860
0.7872	-0.1855
0.7711	-0.1851
0.7549	-0.1846
0.7386	-0.1839
0.7222	-0.1831
0.7058	-0.1823
0.6893	-0.1813
0.6728	-0.1800
0.6562	-0.1787
0.6395	-0.1777
0.6228	-0.1766
0.6061	-0.1757
0.5894	-0.1749
0.5726	-0.1738
0.5559	-0.1725
0.5393	-0.1713
0.5226	-0.1701
0.5061	-0.1690
0.4897	-0.1682
0.4733	-0.1673
0.4571	-0.1666
0.4410	-0.1658
0.4251	-0.1652
0.4092	-0.1648
0.3934	-0.1640
0.3778	-0.1631
0.3621	-0.1627
0.3466	-0.1626
0.3310	-0.1624
0.3155	-0.1622
0.3000	-0.1623
0.2846	-0.1623
0.2693	-0.1620
0.2543	-0.1616
0.2396	-0.1616
0.2252	-0.1609
0.2110	-0.1605
0.1970	-0.1601
0.1832	-0.1600
0.1696	-0.1599
0.1559	-0.1600
0.1423	-0.1608
0.1287	-0.1614
0.1152	-0.1615
0.1017	-0.1612
0.0882	-0.1611
0.0748	-0.1615
0.0614	-0.1620
0.0480	-0.1622
0.0346	-0.1622
0.0213	-0.1622
0.0079	-0.1623
-0.0054	-0.1623
-0.0187	-0.1627
-0.0320	-0.1632
-0.0454	-0.1633
-0.0588	-0.1633
-0.0722	-0.1631
-0.0855	-0.1629
-0.0988	-0.1631
-0.1121	-0.1635
-0.1253	-0.1637
-0.1384	-0.1640
-0.1516	-0.1645
-0.1647	-0.1650
-0.1778	-0.1654
-0.1908	-0.1657
-0.2039	-0.1661
-0.2170	-0.1669
-0.2302	-0.1675
-0.2435	-0.1681
-0.2567	-0.1688
-0.2700	-0.1695
-0.2832	-0.1700
-0.2964	-0.1707
-0.3095	-0.1715
-0.3226	-0.1721
-0.3357	-0.1726
-0.3488	-0.1731
-0.3619	-0.1737
-0.3750	-0.1742
-0.3881	-0.1749
-0.4012	-0.1758
-0.4144	-0.1766
-0.4276	-0.1770
-0.4409	-0.1773
-0.4542	-0.1780
-0.4676	-0.1783
-0.4811	-0.1786
-0.4947	-0.1791
-0.5082	-0.1797
-0.5219	-0.1801
-0.5355	-0.1802
-0.5491	-0.1804
-0.5627	-0.1809
-0.5762	-0.1812
-0.5897	-0.1816
-0.6032	-0.1818
-0.6167	-0.1823
-0.6301	-0.1830
-0.6435	-0.1836
-0.6569	-0.1843
-0.6704	-0.1852
-0.6839	-0.1857
-0.6973	-0.1864
-0.7108	-0.1877
-0.7244	-0.1886
-0.7379	-0.1892
-0.7515	-0.1899
-0.7651	-0.1905
-0.7788	-0.1909
-0.7924	-0.1910
-0.8061	-0.1912
-0.8199	-0.1917
-0.8337	-0.1923
-0.8475	-0.1927
-0.8614	-0.1928
-0.8753	-0.1929
-0.8892	-0.1931
-0.9032	-0.1933
-0.9172	-0.1934
-0.9313	-0.1938
-0.9454	-0.1941
-0.9595	-0.1941
-0.9736	-0.1941
-0.9878	-0.1945
-1.0019	-0.1951
-1.0161	-0.1954
-1.0302	-0.1958
-1.0444	-0.1960
-1.0586	-0.1962
-1.0728	-0.1966
-1.0870	-0.1971
-1.1012	-0.1973
-1.1154	-0.1976
-1.1297	-0.1978
-1.1439	-0.1979
-1.1582	-0.1981
-1.1725	-0.1983
-1.1868	-0.1986
-1.2012	-0.1991
-1.2157	-0.1995
-1.2304	-0.1996
-1.2453	-0.1992
-1.2604	-0.1987
-1.2758	-0.1978
-1.2914	-0.1967
-1.3072	-0.1954
-1.3231	-0.1940
-1.3392	-0.1929
-1.3553	-0.1922
-1.3714	-0.1912
-1.3875	-0.1903
-1.4036	-0.1893
-1.4195	-0.1884
-1.4353	-0.1876
-1.4509	-0.1871
-1.4661	-0.1870
-1.4810	-0.1870
-1.4955	-0.1876
-1.5098	-0.1889
-1.5237	-0.1903
-1.5374	-0.1913
-1.5508	-0.1920
-1.5640	-0.1932
-1.5772	-0.1949
-1.5902	-0.1970
-1.6031	-0.1989
-1.6160	-0.2007
-1.6288	-0.2026
-1.6416	-0.2042
-1.6544	-0.2058
-1.6672	-0.2072
-1.6798	-0.2084
-1.6925	-0.2096
-1.7051	-0.2104
-1.7176	-0.2117
-1.7301	-0.2128
-1.7426	-0.2144
-1.7550	-0.2157
-1.7674	-0.2171
-1.7796	-0.2181
-1.7918	-0.2193
-1.8039	-0.2202
-1.8159	-0.2213
-1.8279	-0.2222
-1.8398	-0.2229
-1.8516	-0.2235
-1.8634	-0.2246
-1.8752	-0.2252
-1.8870	-0.2251
-1.8988	-0.2245
-1.9106	-0.2236
-1.9225	-0.2224
-1.9345	-0.2208
-1.9465	-0.2187
-1.9586	-0.2159
-1.9708	-0.2126
-1.9831	-0.2087
-1.9954	-0.2048
-2.0078	-0.2004
-2.0202	-0.1957
-2.0327	-0.1912
-2.0452	-0.1866
-2.0577	-0.1816
-2.0703	-0.1766
-2.0827	-0.1715
-2.0951	-0.1661
-2.1075	-0.1606
-2.1196	-0.1547
-2.1316	-0.1489
-2.1434	-0.1434
-2.1550	-0.1379
-2.1663	-0.1325
-2.1773	-0.1273
-2.1880	-0.1225
-2.1983	-0.1182
-2.2083	-0.1142
-2.2180	-0.1109
-2.2274	-0.1074
-2.2365	-0.1041
-2.2453	-0.1006
-2.2540	-0.0975
-2.2625	-0.0943
-2.2709	-0.0913
-2.2793	-0.0884
-2.2877	-0.0855
-2.2962	-0.0828
-2.3047	-0.0803
-2.3134	-0.0776
-2.3223	-0.0747
-2.3314	-0.0725
-2.3407	-0.0703
-2.3503	-0.0685
-2.3602	-0.0663
-2.3705	-0.0640
-2.3810	-0.0617
-2.3919	-0.0594
-2.4030	-0.0567
-2.4143	-0.0545
-2.4258	-0.0518
-2.4375	-0.0490
-2.4492	-0.0462
-2.4609	-0.0433
-2.4727	-0.0401
-2.4845	-0.0369
-2.4962	-0.0334
-2.5079	-0.0302
-2.5195	-0.0275
-2.5310	-0.0243
-2.5425	-0.0212
-2.5539	-0.0179
-2.5652	-0.0152
-2.5764	-0.0123
-2.5875	-0.0094
-2.5986	-0.0066
-2.6096	-0.0042
-2.6205	-0.0021
-2.6313	0.0001
-2.6420	0.0023
-2.6527	0.0043
-2.6632	0.0061
-2.6737	0.0076
-2.6840	0.0094
-2.6942	0.0113
-2.7044	0.0129
-2.7145	0.0145
-2.7244	0.0161
-2.7343	0.0178
-2.7441	0.0192
-2.7538	0.0213
-2.7633	0.0230
-2.7729	0.0244
-2.7823	0.0256
-2.7916	0.0270
-2.8009	0.0283
-2.8101	0.0298
-2.8192	0.0312
-2.8283	0.0328
-2.8373	0.0346
-2.8463	0.0363
-2.8553	0.0382
-2.8642	0.0399
-2.8732	0.0419
-2.8822	0.0437
-2.8913	0.0456
-2.9003	0.0471
-2.9094	0.0484
-2.9186	0.0495
-2.9278	0.0504
-2.9371	0.0514
-2.9463	0.0527
-2.9556	0.0540
-2.9649	0.0553
-2.9742	0.0566
-2.9834	0.0581
-2.9926	0.0592
-3.0017	0.0599
-3.0107	0.0607
-3.0197	0.0618
-3.0286	0.0633
-3.0375	0.0647
-3.0463	0.0661
-3.0551	0.0678
-3.0638	0.0693
-3.0726	0.0707
-3.0813	0.0719
-3.0899	0.0730
-3.0986	0.0739
-3.1071	0.0745
-3.1157	0.0753
-3.1242	0.0761
-3.1327	0.0767
-3.1412	0.0773
-3.1497	0.0780
-3.1581	0.0788
-3.1666	0.0795
-3.1750	0.0802
-3.1835	0.0809
-3.1919	0.0816
-3.2004	0.0826
-3.2088	0.0835
-3.2172	0.0847
-3.2257	0.0858
-3.2341	0.0867
-3.2424	0.0876
-3.2508	0.0882
-3.2591	0.0890
-3.2673	0.0899
-3.2755	0.0907
-3.2837	0.0915
-3.2918	0.0921
-3.2999	0.0928
-3.3079	0.0938
-3.3159	0.0946
-3.3239	0.0953
-3.3318	0.0956
-3.3397	0.0960
-3.3475	0.0967
-3.3554	0.0973
-3.3632	0.0980
-3.3710	0.0989
-3.3788	0.0997
-3.3867	0.1004
-3.3945	0.1012
-3.4023	0.1020
-3.4101	0.1024
-3.4178	0.1027
-3.4256	0.1030
-3.4332	0.1033
-3.4409	0.1040
-3.4486	0.1045
-3.4561	0.1052
-3.4637	0.1060
-3.4711	0.1070
-3.4785	0.1079
-3.4858	0.1086
-3.4930	0.1095
-3.5001	0.1100
-3.5072	0.1106
-3.5141	0.1111
-3.5210	0.1111
-3.5278	0.1113
-3.5345	0.1115
-3.5412	0.1117
-3.5477	0.1122
-3.5542	0.1127
-3.5606	0.1128
-3.5668	0.1132
-3.5730	0.1135
-3.5792	0.1136
-3.5852	0.1133
-3.5911	0.1135
-3.5970	0.1136
-3.6027	0.1134
-3.6084	0.1133
-3.6139	0.1134
-3.6194	0.1136
-3.6248	0.1137
-3.6301	0.1138
-3.6354	0.1139
-3.6405	0.1138
-3.6456	0.1139
-3.6506	0.1137
-3.6556	0.1136
-3.6605	0.1135
-3.6653	0.1132
-3.6700	0.1130
-3.6747	0.1126
-3.6794	0.1122
-3.6839	0.1118
-3.6885	0.1116
-3.6929	0.1116
-3.6973	0.1115
-3.7017	0.1109
-3.7060	0.1104
-3.7102	0.1099
-3.7144	0.1094
-3.7185	0.1086
-3.7226	0.1078
-3.7267	0.1075
-3.7307	0.1075
-3.7346	0.1074
-3.7385	0.1072
-3.7424	0.1065
-3.7463	0.1057
-3.7501	0.1050
-3.7539	0.1045
-3.7577	0.1042
-3.7614	0.1038
-3.7651	0.1034
-3.7688	0.1031
-3.7724	0.1025
-3.7760	0.1018
-3.7796	0.1017
-3.7832	0.1017
-3.7867	0.1016
-3.7902	0.1010
-3.7937	0.1003
-3.7972	0.0996
-3.8006	0.0987
-3.8041	0.0975
-3.8075	0.0962
-3.8109	0.0952
-3.8143	0.0943
-3.8176	0.0936
-3.8210	0.0933
-3.8243	0.0930
-3.8275	0.0927
-3.8308	0.0927
-3.8340	0.0927
-3.8372	0.0923
-3.8403	0.0917
-3.8434	0.0912
-3.8465	0.0907
-3.8496	0.0903
-3.8527	0.0901
-3.8557	0.0900
-3.8587	0.0899
-3.8617	0.0895
-3.8646	0.0884
-3.8676	0.0875
-3.8706	0.0866
-3.8735	0.0861
-3.8765	0.0861
-3.8794	0.0859
-3.8823	0.0855
-3.8852	0.0853
-3.8880	0.0854
-3.8909	0.0855
-3.8937	0.0857
-3.8964	0.0858
-3.8992	0.0854
-3.9019	0.0849
-3.9045	0.0847
-3.9072	0.0842
-3.9098	0.0839
-3.9124	0.0833
-3.9150	0.0828
-3.9176	0.0821
-3.9202	0.0813
-3.9228	0.0805
-3.9254	0.0802
-3.9280	0.0803
-3.9305	0.0805
-3.9331	0.0809
-3.9357	0.0808
-3.9382	0.0810
-3.9408	0.0814
-3.9434	0.0817
-3.9460	0.0817
-3.9486	0.0816
-3.9512	0.0815
-3.9539	0.0815
-3.9566	0.0815
-3.9594	0.0816
-3.9621	0.0820
-3.9650	0.0823
-3.9678	0.0831
-3.9707	0.0835
-3.9737	0.0836
-3.9767	0.0839
-3.9798	0.0839
-3.9830	0.0840
-3.9862	0.0844
-3.9895	0.0852
-3.9929	0.0861
-3.9964	0.0870
-4.0000	0.0879
-4.0036	0.0892
-4.0072	0.0907
-4.0107	0.0918
-4.0143	0.0928
-4.0178	0.0940
-4.0212	0.0952
-4.0245	0.0961
-4.0276	0.0974
-4.0305	0.0985
-4.0332	0.0996
-4.0358	0.1009
-4.0381	0.1032
-4.0402	0.1066
-4.0420	0.1119
-4.0434	0.1170
-4.0444	0.1187
-4.0450	0.1187
-4.0453	0.1193
-4.0451	0.1207
-4.0445	0.1216
-4.0435	0.1213
-4.0421	0.1209
-4.0402	0.1208
-4.0379	0.1201
-4.0353	0.1188
-4.0323	0.1173
-4.0290	0.1161
-4.0255	0.1149
-4.0216	0.1135
-4.0174	0.1122
-4.0131	0.1110
-4.0085	0.1099
-4.0038	0.1089
-3.9989	0.1076
-3.9938	0.1062
-3.9886	0.1045
-3.9833	0.1027
-3.9778	0.1010
-3.9723	0.0992
-3.9667	0.0975
-3.9611	0.0958
-3.9554	0.0945
-3.9496	0.0933
-3.9439	0.0916
-3.9381	0.0901
-3.9324	0.0889
-3.9266	0.0878
-3.9209	0.0867
-3.9152	0.0855
-3.9095	0.0844
-3.9038	0.0836
-3.8981	0.0826
-3.8924	0.0819
-3.8867	0.0810
-3.8810	0.0803
-3.8753	0.0795
-3.8695	0.0787
-3.8638	0.0775
-3.8580	0.0767
-3.8522	0.0758
-3.8464	0.0749
-3.8405	0.0744
-3.8346	0.0735
-3.8287	0.0726
-3.8228	0.0717
-3.8169	0.0710
-3.8109	0.0703
-3.8049	0.0698
-3.7989	0.0687
-3.7930	0.0676
-3.7870	0.0662
-3.7811	0.0649
-3.7752	0.0633
-3.7694	0.0621
-3.7635	0.0614
-3.7577	0.0606
-3.7519	0.0599
-3.7462	0.0587
-3.7404	0.0576
-3.7347	0.0569
-3.7290	0.0564
-3.7232	0.0560
-3.7175	0.0553
-3.7117	0.0544
-3.7058	0.0538
-3.7000	0.0530
-3.6941	0.0529
-3.6881	0.0524
-3.6821	0.0519
-3.6760	0.0509
-3.6700	0.0503
-3.6639	0.0493
-3.6579	0.0479
-3.6518	0.0466
-3.6458	0.0458
-3.6398	0.0447
-3.6337	0.0436
-3.6277	0.0430
-3.6217	0.0423
-3.6155	0.0412
-3.6094	0.0397
-3.6031	0.0379
-3.5968	0.0363
-3.5903	0.0350
-3.5837	0.0339
-3.5770	0.0330
-3.5703	0.0319
-3.5634	0.0308
-3.5564	0.0301
-3.5494	0.0296
-3.5424	0.0293
-3.5354	0.0289
-3.5284	0.0283
-3.5214	0.0272
-3.5145	0.0258
-3.5077	0.0246
-3.5009	0.0237
-3.4942	0.0230
-3.4875	0.0223
-3.4808	0.0218
-3.4742	0.0212
-3.4675	0.0203
-3.4608	0.0194
-3.4542	0.0186
-3.4475	0.0181
-3.4407	0.0178
-3.4340	0.0175
-3.4272	0.0174
-3.4204	0.0171
-3.4136	0.0169
-3.4067	0.0163
-3.3998	0.0160
-3.3930	0.0152
-3.3861	0.0148
-3.3791	0.0146
-3.3722	0.0143
-3.3652	0.0136
-3.3582	0.0132
-3.3511	0.0124
-3.3440	0.0118
-3.3368	0.0113
-3.3295	0.0110
-3.3221	0.0110
-3.3147	0.0108
-3.3071	0.0104
-3.2995	0.0101
-3.2917	0.0097
-3.2839	0.0096
-3.2760	0.0095
-3.2680	0.0090
-3.2599	0.0085
-3.2516	0.0080
-3.2433	0.0079
-3.2349	0.0077
-3.2264	0.0076
-3.2178	0.0071
-3.2091	0.0062
-3.2004	0.0052
-3.1916	0.0041
-3.1828	0.0029
-3.1738	0.0016
-3.1649	0.0007
-3.1559	-0.0000
-3.1468	-0.0008
-3.1377	-0.0016
-3.1286	-0.0025
-3.1195	-0.0034
-3.1104	-0.0038
-3.1012	-0.0042
-3.0921	-0.0046
-3.0829	-0.0054
-3.0738	-0.0061
-3.0646	-0.0066
-3.0554	-0.0070
-3.0461	-0.0074
-3.0368	-0.0076
-3.0274	-0.0083
-3.0180	-0.0091
-3.0084	-0.0098
-2.9989	-0.0101
-2.9892	-0.0105
-2.9795	-0.0105
-2.9698	-0.0108
-2.9600	-0.0113
-2.9502	-0.0117
-2.9403	-0.0121
-2.9304	-0.0124
-2.9205	-0.0128
-2.9106	-0.0133
-2.9006	-0.0135
-2.8906	-0.0138
-2.8805	-0.0142
-2.8705	-0.0148
-2.8603	-0.0154
-2.8502	-0.0164
-2.8399	-0.0172
-2.8297	-0.0178
-2.8193	-0.0183
-2.8089	-0.0188
-2.7984	-0.0192
-2.7879	-0.0199
-2.7773	-0.0203
-2.7666	-0.0208
-2.7559	-0.0213
-2.7451	-0.0215
-2.7343	-0.0220
-2.7233	-0.0232
-2.7123	-0.0241
-2.7012	-0.0253
-2.6899	-0.0262
-2.6784	-0.0274
-2.6667	-0.0288
-2.6548	-0.0301
-2.6428	-0.0314
-2.6306	-0.0323
-2.6183	-0.0335
-2.6059	-0.0347
-2.5935	-0.0362
-2.5811	-0.0376
-2.5687	-0.0387
-2.5562	-0.0401
-2.5439	-0.0415
-2.5316	-0.0429
-2.5194	-0.0442
-2.5074	-0.0449
-2.4957	-0.0453
-2.4843	-0.0454
-2.4731	-0.0458
-2.4623	-0.0460
-2.4518	-0.0458
-2.4416	-0.0453
-2.4317	-0.0446
-2.4220	-0.0434
-2.4124	-0.0419
-2.4028	-0.0404
-2.3933	-0.0388
-2.3837	-0.0372
-2.3740	-0.0360
-2.3643	-0.0348
-2.3544	-0.0335
-2.3445	-0.0320
-2.3344	-0.0307
-2.3242	-0.0294
-2.3139	-0.0282
-2.3034	-0.0272
-2.2928	-0.0266
-2.2820	-0.0263
-2.2711	-0.0258
-2.2600	-0.0250
-2.2488	-0.0246
-2.2374	-0.0240
-2.2258	-0.0233
-2.2141	-0.0226
-2.2022	-0.0224
-2.1902	-0.0223
