-1.3025	0.0803
-1.2898	0.0672
-1.2774	0.0675
-1.2654	0.0677
-1.2538	0.0681
-1.2424	0.0689
-1.2314	0.0697
-1.2206	0.0708
-1.2101	0.0717
-1.1998	0.0726
-1.1897	0.0733
-1.1797	0.0740
-1.1699	0.0745
-1.1602	0.0752
-1.1505	0.0758
-1.1408	0.0766
-1.1312	0.0772
-1.1215	0.0781
-1.1118	0.0789
-1.1021	0.0795
-1.0923	0.0802
-1.0825	0.0810
-1.0726	0.0819
-1.0627	0.0827
-1.0527	0.0836
-1.0427	0.0845
-1.0327	0.0860
-1.0227	0.0875
-1.0126	0.0892
-1.0026	0.0913
-0.9926	0.0940
-0.9826	0.0971
-0.9727	0.1002
-0.9628	0.1034
-0.9531	0.1067
-0.9435	0.1102
-0.9341	0.1140
-0.9248	0.1184
-0.9158	0.1233
-0.9069	0.1284
-0.8983	0.1333
-0.8899	0.1381
-0.8817	0.1431
-0.8737	0.1479
-0.8658	0.1528
-0.8580	0.1576
-0.8503	0.1623
-0.8427	0.1666
-0.8351	0.1702
-0.8276	0.1734
-0.8200	0.1758
-0.8124	0.1781
-0.8047	0.1800
-0.7970	0.1817
-0.7891	0.1827
-0.7811	0.1828
-0.7730	0.1820
-0.7647	0.1801
-0.7563	0.1768
-0.7478	0.1729
-0.7393	0.1682
-0.7306	0.1626
-0.7219	0.1559
-0.7131	0.1484
-0.7044	0.1405
-0.6956	0.1319
-0.6867	0.1231
-0.6779	0.1141
-0.6690	0.1051
-0.6601	0.0953
-0.6512	0.0857
-0.6422	0.0761
-0.6332	0.0671
-0.6242	0.0581
-0.6152	0.0500
-0.6061	0.0425
-0.5970	0.0358
-0.5878	0.0303
-0.5786	0.0258
-0.5693	0.0227
-0.5600	0.0205
-0.5507	0.0190
-0.5413	0.0182
-0.5320	0.0183
-0.5226	0.0187
-0.5132	0.0200
-0.5039	0.0215
-0.4945	0.0232
-0.4852	0.0253
-0.4759	0.0275
-0.4667	0.0290
-0.4576	0.0298
-0.4486	0.0304
-0.4396	0.0304
-0.4308	0.0298
-0.4220	0.0287
-0.4134	0.0271
-0.4049	0.0249
-0.3966	0.0227
-0.3883	0.0209
-0.3802	0.0190
-0.3722	0.0171
-0.3642	0.0160
-0.3564	0.0148
-0.3485	0.0140
-0.3407	0.0140
-0.3330	0.0144
-0.3252	0.0150
-0.3174	0.0157
-0.3095	0.0165
-0.3017	0.0172
-0.2938	0.0177
-0.2858	0.0178
-0.2778	0.0177
-0.2697	0.0172
-0.2616	0.0164
-0.2534	0.0152
-0.2452	0.0134
-0.2369	0.0112
-0.2287	0.0088
-0.2204	0.0062
-0.2120	0.0039
-0.2037	0.0022
-0.1952	0.0012
-0.1868	0.0004
-0.1783	0.0000
-0.1698	-0.0005
-0.1612	-0.0007
-0.1527	-0.0009
-0.1441	-0.0011
-0.1355	-0.0011
-0.1269	-0.0014
-0.1184	-0.0024
-0.1098	-0.0036
-0.1013	-0.0048
-0.0927	-0.0063
-0.0842	-0.0076
-0.0756	-0.0090
-0.0671	-0.0100
-0.0585	-0.0111
-0.0500	-0.0115
-0.0415	-0.0118
-0.0330	-0.0115
-0.0245	-0.0111
-0.0160	-0.0107
-0.0076	-0.0105
0.0008	-0.0106
0.0092	-0.0112
0.0175	-0.0123
0.0258	-0.0136
0.0341	-0.0153
0.0423	-0.0169
0.0506	-0.0188
0.0588	-0.0206
0.0670	-0.0220
0.0752	-0.0223
0.0834	-0.0224
0.0916	-0.0223
0.0998	-0.0222
0.1081	-0.0223
0.1165	-0.0229
0.1249	-0.0238
0.1333	-0.0252
0.1419	-0.0271
0.1505	-0.0293
0.1592	-0.0315
0.1680	-0.0335
0.1769	-0.0346
0.1858	-0.0350
0.1949	-0.0354
0.2040	-0.0361
0.2132	-0.0371
0.2225	-0.0383
0.2319	-0.0400
0.2413	-0.0423
0.2507	-0.0446
0.2602	-0.0467
0.2698	-0.0484
0.2793	-0.0497
0.2888	-0.0509
0.2984	-0.0513
0.3080	-0.0513
0.3175	-0.0517
0.3270	-0.0526
0.3365	-0.0536
0.3460	-0.0549
0.3555	-0.0562
0.3649	-0.0572
0.3743	-0.0584
0.3837	-0.0594
0.3930	-0.0602
0.4023	-0.0608
0.4116	-0.0613
0.4208	-0.0617
0.4300	-0.0624
0.4391	-0.0635
0.4482	-0.0648
0.4573	-0.0661
0.4663	-0.0675
0.4753	-0.0683
0.4842	-0.0690
0.4931	-0.0692
0.5019	-0.0697
0.5108	-0.0704
0.5195	-0.0710
0.5283	-0.0719
0.5369	-0.0732
0.5456	-0.0747
0.5541	-0.0759
0.5627	-0.0768
0.5712	-0.0773
0.5796	-0.0775
0.5880	-0.0776
0.5964	-0.0777
0.6047	-0.0779
0.6130	-0.0784
0.6212	-0.0793
0.6294	-0.0805
0.6376	-0.0815
0.6457	-0.0825
0.6538	-0.0834
0.6618	-0.0842
0.6698	-0.0845
0.6778	-0.0854
0.6858	-0.0866
0.6937	-0.0876
0.7016	-0.0891
0.7094	-0.0903
0.7172	-0.0911
0.7250	-0.0919
0.7328	-0.0920
0.7406	-0.0914
0.7483	-0.0916
0.7560	-0.0925
0.7637	-0.0938
0.7714	-0.0950
0.7790	-0.0960
0.7866	-0.0966
0.7942	-0.0970
0.8017	-0.0970
0.8092	-0.0973
0.8167	-0.0981
0.8242	-0.0991
0.8317	-0.1002
0.8391	-0.1011
0.8465	-0.1020
0.8539	-0.1028
0.8612	-0.1037
0.8686	-0.1043
0.8759	-0.1051
0.8832	-0.1059
0.8905	-0.1070
0.8977	-0.1083
0.9050	-0.1092
0.9122	-0.1099
0.9195	-0.1105
0.9268	-0.1108
0.9340	-0.1109
0.9412	-0.1116
0.9485	-0.1127
0.9557	-0.1143
0.9628	-0.1152
0.9699	-0.1159
0.9770	-0.1164
0.9841	-0.1168
0.9912	-0.1174
0.9983	-0.1179
1.0053	-0.1184
1.0123	-0.1192
1.0194	-0.1199
1.0264	-0.1203
1.0335	-0.1206
1.0406	-0.1208
1.0477	-0.1210
1.0548	-0.1217
1.0619	-0.1229
1.0690	-0.1244
1.0760	-0.1259
1.0831	-0.1270
1.0901	-0.1278
1.0971	-0.1284
1.1042	-0.1288
1.1113	-0.1291
1.1184	-0.1299
1.1255	-0.1309
1.1327	-0.1318
1.1399	-0.1329
1.1472	-0.1342
1.1546	-0.1354
1.1620	-0.1365
1.1695	-0.1376
1.1770	-0.1388
1.1847	-0.1403
1.1924	-0.1413
1.2001	-0.1423
1.2080	-0.1429
1.2160	-0.1436
1.2241	-0.1440
1.2323	-0.1450
1.2407	-0.1464
1.2492	-0.1477
1.2579	-0.1484
1.2668	-0.1491
1.2758	-0.1496
1.2850	-0.1507
1.2944	-0.1526
1.3040	-0.1548
1.3138	-0.1577
1.3238	-0.1606
1.3340	-0.1631
1.3444	-0.1650
1.3551	-0.1668
1.3659	-0.1687
1.3769	-0.1708
1.3881	-0.1731
1.3994	-0.1753
1.4108	-0.1771
1.4223	-0.1785
1.4339	-0.1798
1.4455	-0.1820
1.4572	-0.1845
1.4688	-0.1877
1.4805	-0.1915
1.4922	-0.1962
1.5038	-0.2008
1.5152	-0.2044
1.5266	-0.2065
1.5378	-0.2083
1.5489	-0.2102
1.5598	-0.2118
1.5706	-0.2128
1.5811	-0.2134
1.5914	-0.2137
1.6014	-0.2140
1.6113	-0.2146
1.6209	-0.2153
1.6302	-0.2159
1.6394	-0.2161
1.6484	-0.2161
1.6571	-0.2159
1.6657	-0.2156
1.6741	-0.2158
1.6823	-0.2161
1.6904	-0.2164
1.6983	-0.2163
1.7061	-0.2158
1.7138	-0.2156
1.7213	-0.2156
1.7287	-0.2157
1.7361	-0.2161
1.7433	-0.2162
1.7504	-0.2164
1.7574	-0.2167
1.7643	-0.2171
1.7712	-0.2176
1.7779	-0.2186
1.7846	-0.2193
1.7912	-0.2198
1.7977	-0.2197
1.8041	-0.2192
1.8105	-0.2189
1.8168	-0.2189
1.8231	-0.2194
1.8293	-0.2202
1.8354	-0.2210
1.8415	-0.2212
1.8475	-0.2213
1.8534	-0.2215
1.8593	-0.2219
1.8651	-0.2224
1.8708	-0.2227
1.8765	-0.2230
1.8821	-0.2233
1.8876	-0.2239
1.8931	-0.2244
1.8985	-0.2248
1.9039	-0.2256
1.9093	-0.2263
1.9146	-0.2267
1.9199	-0.2265
1.9252	-0.2268
1.9305	-0.2270
1.9357	-0.2275
1.9410	-0.2281
1.9463	-0.2288
1.9516	-0.2295
1.9568	-0.2299
1.9621	-0.2303
1.9674	-0.2308
1.9727	-0.2319
1.9779	-0.2330
1.9832	-0.2342
1.9884	-0.2349
1.9936	-0.2357
1.9989	-0.2366
2.0040	-0.2376
2.0092	-0.2387
2.0143	-0.2396
2.0194	-0.2399
2.0244	-0.2401
2.0294	-0.2407
2.0343	-0.2414
2.0392	-0.2420
2.0440	-0.2425
2.0488	-0.2428
2.0536	-0.2431
2.0583	-0.2437
2.0630	-0.2444
2.0677	-0.2451
2.0722	-0.2452
2.0767	-0.2454
2.0812	-0.2455
2.0855	-0.2456
2.0898	-0.2454
2.0940	-0.2450
2.0980	-0.2448
2.1019	-0.2449
2.1057	-0.2451
2.1094	-0.2455
2.1131	-0.2459
2.1166	-0.2463
2.1201	-0.2464
2.1235	-0.2468
2.1270	-0.2472
2.1305	-0.2475
2.1341	-0.2480
2.1378	-0.2483
2.1415	-0.2486
2.1453	-0.2491
2.1492	-0.2494
2.1531	-0.2497
2.1571	-0.2500
2.1611	-0.2505
2.1652	-0.2512
2.1692	-0.2520
2.1733	-0.2527
2.1774	-0.2534
2.1814	-0.2538
2.1854	-0.2547
2.1894	-0.2556
2.1934	-0.2562
2.1974	-0.2566
2.2014	-0.2572
2.2053	-0.2578
2.2093	-0.2583
2.2132	-0.2586
2.2172	-0.2589
2.2211	-0.2594
2.2251	-0.2599
2.2292	-0.2602
2.2332	-0.2607
2.2373	-0.2613
2.2414	-0.2623
2.2454	-0.2630
2.2495	-0.2636
2.2537	-0.2639
2.2578	-0.2644
2.2619	-0.2654
2.2660	-0.2665
2.2701	-0.2670
2.2741	-0.2675
2.2781	-0.2677
2.2821	-0.2680
2.2859	-0.2682
2.2897	-0.2686
2.2934	-0.2687
2.2970	-0.2688
2.3006	-0.2690
2.3040	-0.2690
2.3074	-0.2690
2.3107	-0.2690
2.3139	-0.2693
2.3170	-0.2696
2.3201	-0.2696
2.3231	-0.2694
2.3261	-0.2692
2.3290	-0.2688
2.3319	-0.2687
2.3348	-0.2689
2.3376	-0.2692
2.3404	-0.2694
2.3431	-0.2695
2.3459	-0.2696
2.3486	-0.2696
2.3513	-0.2697
2.3539	-0.2697
2.3565	-0.2700
2.3591	-0.2703
2.3617	-0.2704
2.3642	-0.2706
2.3667	-0.2707
2.3692	-0.2710
2.3716	-0.2714
2.3740	-0.2717
2.3763	-0.2718
2.3786	-0.2720
2.3809	-0.2722
2.3831	-0.2720
2.3853	-0.2716
2.3875	-0.2714
2.3896	-0.2711
2.3917	-0.2708
2.3938	-0.2706
2.3958	-0.2704
2.3978	-0.2701
2.3998	-0.2702
2.4018	-0.2703
2.4038	-0.2704
2.4057	-0.2704
2.4076	-0.2705
2.4094	-0.2705
2.4113	-0.2706
2.4130	-0.2707
2.4148	-0.2710
2.4165	-0.2715
2.4182	-0.2715
2.4198	-0.2713
2.4214	-0.2713
2.4230	-0.2713
2.4244	-0.2709
2.4257	-0.2705
2.4269	-0.2702
2.4280	-0.2698
2.4290	-0.2692
2.4298	-0.2687
2.4304	-0.2676
2.4309	-0.2663
2.4313	-0.2654
2.4316	-0.2647
2.4317	-0.2640
2.4317	-0.2631
2.4316	-0.2621
2.4314	-0.2611
2.4311	-0.2602
2.4308	-0.2594
2.4304	-0.2587
2.4301	-0.2580
2.4299	-0.2578
2.4300	-0.2579
2.4304	-0.2586
2.4310	-0.2596
2.4320	-0.2606
2.4333	-0.2616
2.4350	-0.2630
2.4370	-0.2648
2.4393	-0.2667
2.4417	-0.2683
2.4442	-0.2699
2.4469	-0.2713
2.4497	-0.2730
2.4526	-0.2743
2.4556	-0.2753
2.4586	-0.2763
2.4617	-0.2771
2.4649	-0.2777
2.4681	-0.2779
2.4713	-0.2781
2.4745	-0.2785
2.4777	-0.2785
2.4809	-0.2783
2.4841	-0.2782
2.4871	-0.2782
2.4901	-0.2783
2.4930	-0.2783
2.4958	-0.2784
2.4985	-0.2783
2.5012	-0.2780
2.5038	-0.2772
2.5064	-0.2766
2.5088	-0.2763
2.5112	-0.2757
2.5135	-0.2752
2.5157	-0.2747
2.5177	-0.2745
2.5196	-0.2744
2.5214	-0.2740
2.5229	-0.2735
2.5244	-0.2729
2.5256	-0.2715
2.5268	-0.2705
2.5278	-0.2694
2.5287	-0.2684
2.5294	-0.2676
2.5300	-0.2669
2.5304	-0.2658
2.5307	-0.2647
2.5309	-0.2637
2.5310	-0.2631
2.5310	-0.2626
2.5310	-0.2618
2.5308	-0.2614
2.5305	-0.2607
2.5302	-0.2597
2.5298	-0.2586
2.5293	-0.2580
2.5287	-0.2573
2.5280	-0.2566
2.5272	-0.2557
2.5264	-0.2550
2.5254	-0.2542
2.5243	-0.2531
2.5232	-0.2520
2.5220	-0.2505
2.5208	-0.2491
2.5195	-0.2474
2.5181	-0.2461
2.5166	-0.2448
2.5150	-0.2437
2.5133	-0.2426
2.5115	-0.2416
2.5096	-0.2407
2.5076	-0.2401
2.5056	-0.2392
2.5034	-0.2384
2.5011	-0.2374
2.4988	-0.2366
2.4964	-0.2355
2.4939	-0.2343
2.4914	-0.2330
2.4888	-0.2316
2.4861	-0.2307
2.4834	-0.2296
2.4807	-0.2290
2.4778	-0.2281
2.4749	-0.2270
2.4719	-0.2258
2.4689	-0.2245
2.4658	-0.2231
2.4626	-0.2217
2.4594	-0.2201
2.4560	-0.2192
2.4527	-0.2183
2.4492	-0.2175
2.4457	-0.2165
2.4421	-0.2155
2.4385	-0.2147
2.4348	-0.2137
2.4311	-0.2128
2.4273	-0.2119
2.4236	-0.2108
2.4199	-0.2095
2.4162	-0.2082
2.4126	-0.2068
2.4089	-0.2052
2.4054	-0.2038
2.4018	-0.2029
2.3982	-0.2022
2.3946	-0.2014
2.3909	-0.2004
2.3872	-0.1992
2.3835	-0.1979
2.3796	-0.1967
2.3757	-0.1955
2.3716	-0.1945
2.3675	-0.1934
2.3632	-0.1922
2.3588	-0.1908
2.3542	-0.1893
2.3495	-0.1878
2.3446	-0.1860
2.3396	-0.1843
2.3344	-0.1824
2.3290	-0.1804
2.3236	-0.1788
2.3179	-0.1768
2.3122	-0.1749
2.3063	-0.1734
2.3004	-0.1719
2.2943	-0.1702
2.2881	-0.1686
2.2818	-0.1667
2.2754	-0.1646
2.2689	-0.1626
2.2623	-0.1610
2.2557	-0.1594
2.2489	-0.1579
2.2422	-0.1564
2.2354	-0.1549
2.2286	-0.1535
2.2218	-0.1520
2.2150	-0.1503
2.2082	-0.1490
2.2014	-0.1477
2.1946	-0.1464
2.1877	-0.1453
2.1807	-0.1439
2.1736	-0.1423
2.1666	-0.1411
2.1596	-0.1398
2.1527	-0.1385
2.1460	-0.1370
2.1394	-0.1354
2.1329	-0.1339
2.1266	-0.1324
2.1204	-0.1312
2.1142	-0.1301
2.1081	-0.1295
2.1019	-0.1291
2.0958	-0.1289
2.0897	-0.1283
2.0837	-0.1277
2.0777	-0.1267
2.0718	-0.1255
2.0659	-0.1241
2.0600	-0.1227
2.0542	-0.1214
2.0485	-0.1203
2.0427	-0.1192
2.0369	-0.1183
2.0312	-0.1174
2.0254	-0.1168
2.0196	-0.1162
2.0138	-0.1152
2.0080	-0.1140
2.0023	-0.1122
1.9967	-0.1106
1.9911	-0.1088
1.9855	-0.1071
1.9800	-0.1051
1.9746	-0.1031
1.9691	-0.1012
1.9637	-0.0997
1.9583	-0.0984
1.9529	-0.0972
1.9475	-0.0963
1.9419	-0.0952
1.9364	-0.0940
1.9308	-0.0928
1.9253	-0.0915
1.9198	-0.0901
1.9144	-0.0887
1.9090	-0.0873
1.9037	-0.0862
1.8983	-0.0845
1.8930	-0.0828
1.8877	-0.0807
1.8823	-0.0786
1.8769	-0.0767
1.8715	-0.0750
1.8661	-0.0732
1.8607	-0.0714
1.8552	-0.0690
1.8497	-0.0669
1.8442	-0.0650
1.8387	-0.0631
1.8331	-0.0613
1.8276	-0.0593
1.8222	-0.0573
1.8167	-0.0549
1.8114	-0.0526
1.8061	-0.0504
1.8008	-0.0480
1.7956	-0.0459
1.7905	-0.0438
1.7853	-0.0415
1.7802	-0.0391
1.7750	-0.0368
1.7698	-0.0343
1.7645	-0.0319
1.7592	-0.0296
1.7538	-0.0271
1.7484	-0.0248
1.7429	-0.0223
1.7374	-0.0196
1.7318	-0.0171
1.7262	-0.0144
1.7206	-0.0117
1.7149	-0.0094
1.7091	-0.0071
1.7033	-0.0045
1.6974	-0.0022
1.6915	-0.0001
1.6855	0.0018
1.6795	0.0035
1.6734	0.0053
1.6672	0.0073
1.6610	0.0091
1.6547	0.0105
1.6483	0.0121
1.6419	0.0130
1.6355	0.0137
1.6290	0.0141
1.6226	0.0145
1.6160	0.0145
1.6095	0.0142
1.6030	0.0130
1.5964	0.0116
1.5898	0.0099
1.5831	0.0077
1.5764	0.0048
1.5697	0.0016
1.5630	-0.0018
1.5562	-0.0054
1.5494	-0.0093
1.5425	-0.0135
1.5355	-0.0177
1.5284	-0.0221
1.5212	-0.0264
1.5138	-0.0307
1.5061	-0.0351
1.4982	-0.0395
1.4901	-0.0435
1.4817	-0.0473
1.4730	-0.0504
1.4642	-0.0532
1.4550	-0.0555
1.4457	-0.0576
1.4360	-0.0588
1.4262	-0.0592
1.4161	-0.0592
1.4058	-0.0585
1.3953	-0.0570
1.3848	-0.0547
1.3743	-0.0521
1.3639	-0.0492
1.3537	-0.0465
1.3436	-0.0435
1.3338	-0.0407
1.3241	-0.0380
1.3147	-0.0351
1.3055	-0.0326
1.2965	-0.0308
1.2877	-0.0291
1.2789	-0.0277
1.2704	-0.0264
1.2619	-0.0254
1.2535	-0.0249
1.2451	-0.0241
1.2369	-0.0237
1.2287	-0.0236
1.2206	-0.0238
1.2125	-0.0240
1.2044	-0.0244
1.1964	-0.0241
1.1885	-0.0236
1.1806	-0.0224
1.1728	-0.0203
1.1651	-0.0177
1.1574	-0.0153
1.1499	-0.0128
1.1424	-0.0107
1.1349	-0.0088
1.1276	-0.0072
1.1202	-0.0059
1.1129	-0.0048
1.1055	-0.0041
1.0982	-0.0037
1.0908	-0.0040
1.0833	-0.0043
1.0758	-0.0048
1.0681	-0.0051
1.0604	-0.0051
1.0526	-0.0045
1.0448	-0.0035
1.0368	-0.0020
1.0287	-0.0002
1.0205	0.0023
1.0123	0.0054
1.0039	0.0092
0.9954	0.0124
0.9869	0.0153
0.9783	0.0180
0.9696	0.0201
0.9609	0.0217
0.9521	0.0226
0.9433	0.0232
0.9346	0.0238
0.9259	0.0247
0.9173	0.0253
0.9087	0.0256
0.9003	0.0258
0.8921	0.0263
0.8840	0.0268
0.8761	0.0278
0.8684	0.0285
0.8608	0.0291
0.8534	0.0295
0.8461	0.0299
0.8389	0.0300
0.8318	0.0303
0.8247	0.0308
0.8176	0.0312
0.8106	0.0318
0.8036	0.0325
0.7965	0.0332
0.7895	0.0341
0.7823	0.0349
0.7750	0.0357
0.7677	0.0366
0.7601	0.0375
0.7524	0.0385
0.7446	0.0397
0.7365	0.0409
0.7284	0.0419
0.7201	0.0438
0.7116	0.0463
0.7031	0.0487
0.6944	0.0505
0.6857	0.0525
0.6769	0.0542
0.6680	0.0559
0.6591	0.0575
0.6501	0.0588
0.6411	0.0599
0.6320	0.0611
0.6229	0.0623
0.6138	0.0634
0.6046	0.0652
0.5954	0.0668
0.5863	0.0686
0.5771	0.0702
0.5679	0.0715
0.5587	0.0723
0.5495	0.0733
0.5403	0.0743
0.5311	0.0753
0.5219	0.0762
0.5127	0.0774
0.5035	0.0785
0.4944	0.0797
0.4853	0.0812
0.4762	0.0822
0.4672	0.0833
0.4583	0.0836
0.4494	0.0833
0.4406	0.0835
0.4319	0.0841
0.4232	0.0852
0.4147	0.0861
0.4063	0.0865
0.3980	0.0871
0.3899	0.0877
0.3818	0.0881
0.3738	0.0884
0.3660	0.0885
0.3582	0.0887
0.3506	0.0888
0.3429	0.0891
0.3353	0.0895
0.3278	0.0900
0.3202	0.0902
0.3126	0.0907
0.3050	0.0911
0.2973	0.0919
0.2896	0.0923
0.2818	0.0929
0.2739	0.0935
0.2659	0.0943
0.2579	0.0952
0.2498	0.0959
0.2417	0.0969
0.2335	0.0978
0.2253	0.0987
0.2170	0.1003
0.2087	0.1019
0.2004	0.1034
0.1920	0.1048
0.1836	0.1059
0.1751	0.1069
0.1666	0.1080
0.1581	0.1091
0.1495	0.1100
0.1410	0.1110
0.1324	0.1119
0.1239	0.1130
0.1153	0.1138
0.1068	0.1143
0.0982	0.1145
0.0897	0.1146
0.0812	0.1148
0.0727	0.1146
0.0642	0.1145
0.0557	0.1149
0.0472	0.1152
0.0388	0.1154
0.0303	0.1156
0.0219	0.1161
0.0135	0.1167
0.0052	0.1171
-0.0031	0.1177
-0.0114	0.1184
-0.0197	0.1192
-0.0280	0.1196
-0.0362	0.1201
-0.0444	0.1205
-0.0526	0.1211
-0.0607	0.1218
-0.0688	0.1225
-0.0770	0.1229
-0.0851	0.1235
-0.0932	0.1240
-0.1014	0.1246
-0.1096	0.1246
-0.1179	0.1250
-0.1262	0.1258
-0.1347	0.1266
-0.1432	0.1273
-0.1518	0.1281
-0.1605	0.1288
-0.1693	0.1297
-0.1781	0.1302
-0.1871	0.1311
-0.1962	0.1324
-0.2053	0.1336
-0.2145	0.1351
-0.2238	0.1363
-0.2331	0.1368
-0.2425	0.1372
-0.2519	0.1377
-0.2614	0.1382
-0.2709	0.1389
-0.2803	0.1399
-0.2898	0.1414
-0.2993	0.1426
-0.3088	0.1438
-0.3183	0.1449
-0.3278	0.1460
-0.3372	0.1469
-0.3466	0.1481
-0.3561	0.1493
-0.3655	0.1501
-0.3748	0.1510
-0.3842	0.1516
-0.3935	0.1523
-0.4027	0.1528
-0.4120	0.1538
-0.4212	0.1545
-0.4303	0.1551
-0.4394	0.1556
-0.4485	0.1558
-0.4576	0.1562
-0.4665	0.1564
-0.4755	0.1565
-0.4844	0.1561
-0.4933	0.1560
-0.5021	0.1560
-0.5109	0.1561
-0.5196	0.1566
-0.5283	0.1570
-0.5370	0.1573
-0.5456	0.1578
-0.5542	0.1581
-0.5627	0.1585
-0.5711	0.1586
-0.5796	0.1586
-0.5880	0.1584
-0.5963	0.1583
-0.6046	0.1584
-0.6129	0.1585
-0.6211	0.1585
-0.6293	0.1586
-0.6375	0.1592
-0.6456	0.1599
-0.6537	0.1607
-0.6617	0.1613
-0.6697	0.1615
-0.6777	0.1616
-0.6857	0.1615
-0.6936	0.1611
-0.7015	0.1606
-0.7093	0.1606
-0.7172	0.1605
-0.7250	0.1603
-0.7328	0.1602
-0.7406	0.1601
-0.7483	0.1601
-0.7560	0.1602
-0.7637	0.1602
-0.7714	0.1605
-0.7791	0.1608
-0.7867	0.1611
-0.7942	0.1614
-0.8018	0.1614
-0.8093	0.1615
-0.8168	0.1617
-0.8243	0.1618
-0.8318	0.1620
-0.8392	0.1619
-0.8466	0.1623
-0.8540	0.1626
-0.8614	0.1628
-0.8688	0.1630
-0.8761	0.1636
-0.8834	0.1638
-0.8907	0.1639
-0.8980	0.1641
-0.9053	0.1643
-0.9125	0.1644
-0.9198	0.1644
-0.9271	0.1650
-0.9343	0.1657
-0.9415	0.1662
-0.9488	0.1667
-0.9560	0.1672
-0.9631	0.1675
-0.9702	0.1675
-0.9773	0.1673
-0.9844	0.1672
-0.9915	0.1670
-0.9986	0.1669
-1.0057	0.1668
-1.0127	0.1665
-1.0198	0.1661
-1.0269	0.1660
-1.0340	0.1661
-1.0411	0.1661
-1.0482	0.1662
-1.0553	0.1667
-1.0624	0.1676
-1.0695	0.1686
-1.0765	0.1695
-1.0836	0.1702
-1.0906	0.1704
-1.0977	0.1704
-1.1047	0.1700
-1.1118	0.1698
-1.1189	0.1699
-1.1261	0.1699
-1.1333	0.1702
-1.1406	0.1705
-1.1479	0.1707
-1.1553	0.1710
-1.1627	0.1714
-1.1702	0.1723
-1.1778	0.1731
-1.1855	0.1742
-1.1932	0.1754
-1.2009	0.1763
-1.2088	0.1769
-1.2168	0.1773
-1.2249	0.1777
-1.2331	0.1785
-1.2415	0.1790
-1.2501	0.1798
-1.2588	0.1803
-1.2677	0.1809
-1.2768	0.1814
-1.2860	0.1819
-1.2955	0.1829
-1.3052	0.1842
-1.3150	0.1854
-1.3252	0.1868
-1.3355	0.1879
-1.3460	0.1889
-1.3567	0.1898
-1.3676	0.1905
-1.3788	0.1913
-1.3901	0.1922
-1.4015	0.1930
-1.4131	0.1938
-1.4247	0.1946
-1.4364	0.1953
-1.4482	0.1959
-1.4600	0.1965
-1.4718	0.1983
-1.4837	0.2014
-1.4955	0.2052
-1.5072	0.2081
-1.5188	0.2088
-1.5303	0.2079
-1.5416	0.2074
-1.5528	0.2074
-1.5638	0.2071
-1.5746	0.2061
-1.5851	0.2048
-1.5954	0.2041
-1.6055	0.2031
-1.6154	0.2020
-1.6250	0.2006
-1.6344	0.1994
-1.6435	0.1985
-1.6525	0.1977
-1.6612	0.1967
-1.6698	0.1958
-1.6782	0.1947
-1.6864	0.1938
-1.6945	0.1929
-1.7024	0.1920
-1.7102	0.1910
-1.7179	0.1903
-1.7255	0.1895
-1.7329	0.1887
-1.7403	0.1880
-1.7475	0.1876
-1.7546	0.1872
-1.7617	0.1870
-1.7686	0.1867
-1.7755	0.1861
-1.7822	0.1855
-1.7889	0.1849
-1.7956	0.1843
-1.8021	0.1835
-1.8086	0.1827
-1.8151	0.1819
-1.8215	0.1810
-1.8278	0.1802
-1.8341	0.1798
-1.8403	0.1796
-1.8464	0.1790
-1.8525	0.1784
-1.8585	0.1778
-1.8644	0.1776
-1.8703	0.1775
-1.8760	0.1771
-1.8817	0.1765
-1.8874	0.1761
-1.8929	0.1757
-1.8984	0.1753
-1.9039	0.1748
-1.9093	0.1744
-1.9146	0.1737
-1.9199	0.1732
-1.9252	0.1729
-1.9305	0.1725
-1.9358	0.1724
-1.9411	0.1719
-1.9463	0.1714
-1.9516	0.1709
-1.9569	0.1704
-1.9622	0.1699
-1.9674	0.1698
-1.9727	0.1695
-1.9780	0.1692
-1.9833	0.1690
-1.9886	0.1688
-1.9938	0.1687
-1.9991	0.1685
-2.0043	0.1683
-2.0095	0.1682
-2.0147	0.1681
-2.0198	0.1678
-2.0248	0.1674
-2.0298	0.1669
-2.0347	0.1665
-2.0396	0.1661
-2.0444	0.1661
-2.0492	0.1659
-2.0540	0.1658
-2.0587	0.1652
-2.0634	0.1650
-2.0682	0.1645
-2.0729	0.1639
-2.0776	0.1631
-2.0822	0.1625
-2.0869	0.1619
-2.0914	0.1612
-2.0959	0.1603
-2.1003	0.1595
-2.1045	0.1587
-2.1086	0.1579
-2.1126	0.1571
-2.1164	0.1566
-2.1201	0.1563
-2.1237	0.1561
-2.1272	0.1560
-2.1307	0.1555
-2.1342	0.1550
-2.1377	0.1543
-2.1412	0.1535
-2.1448	0.1528
-2.1484	0.1523
-2.1522	0.1519
-2.1560	0.1515
-2.1598	0.1512
-2.1637	0.1510
-2.1677	0.1504
-2.1717	0.1502
-2.1757	0.1500
-2.1797	0.1498
-2.1838	0.1497
-2.1879	0.1500
-2.1919	0.1503
-2.1960	0.1506
-2.2000	0.1507
-2.2041	0.1505
-2.2081	0.1501
-2.2121	0.1496
-2.2161	0.1492
-2.2202	0.1487
-2.2242	0.1482
-2.2282	0.1478
-2.2323	0.1472
-2.2364	0.1468
-2.2405	0.1468
-2.2446	0.1466
-2.2487	0.1463
-2.2528	0.1459
-2.2569	0.1456
-2.2611	0.1455
-2.2652	0.1454
-2.2693	0.1454
-2.2734	0.1455
-2.2774	0.1452
-2.2814	0.1447
-2.2854	0.1446
-2.2893	0.1443
-2.2931	0.1440
-2.2968	0.1436
-2.3005	0.1429
-2.3041	0.1420
-2.3077	0.1412
-2.3112	0.1405
-2.3146	0.1397
-2.3179	0.1392
-2.3211	0.1386
-2.3243	0.1379
-2.3274	0.1371
-2.3305	0.1363
-2.3335	0.1357
-2.3364	0.1351
-2.3393	0.1344
-2.3422	0.1338
-2.3451	0.1331
-2.3479	0.1325
-2.3507	0.1320
-2.3534	0.1319
-2.3561	0.1319
-2.3589	0.1314
-2.3615	0.1313
-2.3642	0.1308
-2.3668	0.1301
-2.3694	0.1293
-2.3720	0.1282
-2.3745	0.1275
-2.3770	0.1273
-2.3794	0.1270
-2.3819	0.1267
-2.3843	0.1263
-2.3866	0.1261
-2.3890	0.1259
-2.3913	0.1259
-2.3936	0.1258
-2.3959	0.1256
-2.3982	0.1252
-2.4004	0.1247
-2.4026	0.1243
-2.4048	0.1240
-2.4070	0.1239
-2.4091	0.1237
-2.4112	0.1234
-2.4133	0.1228
-2.4153	0.1226
-2.4173	0.1221
-2.4193	0.1216
-2.4212	0.1210
-2.4230	0.1204
-2.4249	0.1197
-2.4266	0.1192
-2.4283	0.1188
-2.4300	0.1182
-2.4316	0.1176
-2.4332	0.1172
-2.4346	0.1169
-2.4360	0.1162
-2.4372	0.1153
-2.4383	0.1143
-2.4393	0.1134
-2.4401	0.1121
-2.4409	0.1110
-2.4415	0.1098
-2.4420	0.1089
-2.4423	0.1079
-2.4425	0.1070
-2.4426	0.1060
-2.4425	0.1047
-2.4423	0.1036
-2.4420	0.1021
-2.4415	0.1009
-2.4411	0.1002
-2.4406	0.0998
-2.4403	0.0998
-2.4403	0.1002
-2.4405	0.1007
-2.4410	0.1013
-2.4419	0.1018
-2.4432	0.1027
-2.4448	0.1041
-2.4468	0.1061
-2.4491	0.1081
-2.4516	0.1101
-2.4543	0.1119
-2.4572	0.1131
-2.4602	0.1142
-2.4633	0.1152
-2.4665	0.1161
-2.4698	0.1169
-2.4730	0.1177
-2.4763	0.1185
-2.4796	0.1195
-2.4829	0.1199
-2.4861	0.1201
-2.4893	0.1205
-2.4924	0.1208
-2.4955	0.1211
-2.4986	0.1214
-2.5016	0.1213
-2.5045	0.1211
-2.5074	0.1206
-2.5102	0.1203
-2.5129	0.1199
-2.5156	0.1198
-2.5181	0.1191
-2.5206	0.1187
-2.5229	0.1181
-2.5251	0.1175
-2.5271	0.1171
-2.5290	0.1169
-2.5308	0.1168
-2.5324	0.1164
-2.5339	0.1160
-2.5353	0.1155
-2.5365	0.1151
-2.5376	0.1144
-2.5385	0.1135
-2.5393	0.1130
-2.5400	0.1125
-2.5404	0.1120
-2.5408	0.1117
-2.5410	0.1109
-2.5410	0.1101
-2.5410	0.1092
-2.5409	0.1084
-2.5406	0.1081
-2.5403	0.1077
-2.5399	0.1075
-2.5395	0.1075
-2.5390	0.1075
-2.5385	0.1077
-2.5378	0.1077
-2.5372	0.1075
-2.5364	0.1073
-2.5356	0.1071
-2.5347	0.1065
-2.5338	0.1058
-2.5328	0.1049
-2.5317	0.1039
-2.5306	0.1027
-2.5294	0.1016
-2.5281	0.1012
-2.5267	0.1006
-2.5252	0.1001
-2.5236	0.0995
-2.5218	0.0991
-2.5200	0.0992
-2.5180	0.0991
-2.5159	0.0987
-2.5137	0.0982
-2.5115	0.0975
-2.5092	0.0967
-2.5069	0.0963
-2.5045	0.0958
-2.5020	0.0953
-2.4994	0.0946
-2.4968	0.0938
-2.4941	0.0929
-2.4913	0.0922
-2.4885	0.0915
-2.4855	0.0908
-2.4824	0.0903
-2.4793	0.0895
-2.4761	0.0888
-2.4728	0.0883
-2.4695	0.0881
-2.4661	0.0880
-2.4626	0.0880
-2.4591	0.0880
-2.4556	0.0879
-2.4520	0.0875
-2.4484	0.0871
-2.4448	0.0867
-2.4412	0.0860
-2.4375	0.0852
-2.4338	0.0845
-2.4301	0.0838
-2.4264	0.0832
-2.4227	0.0828
-2.4191	0.0829
-2.4154	0.0830
-2.4117	0.0831
-2.4079	0.0831
-2.4042	0.0832
-2.4004	0.0832
-2.3965	0.0829
-2.3926	0.0824
-2.3887	0.0819
-2.3846	0.0812
-2.3805	0.0808
-2.3762	0.0804
-2.3718	0.0796
-2.3673	0.0791
-2.3626	0.0788
-2.3578	0.0783
-2.3528	0.0775
-2.3477	0.0768
-2.3424	0.0760
-2.3369	0.0751
-2.3314	0.0742
-2.3256	0.0733
-2.3198	0.0724
-2.3138	0.0717
-2.3077	0.0709
-2.3016	0.0700
-2.2953	0.0694
-2.2890	0.0686
-2.2826	0.0678
-2.2762	0.0675
-2.2696	0.0671
-2.2630	0.0667
-2.2564	0.0663
-2.2497	0.0659
-2.2430	0.0656
-2.2363	0.0651
-2.2295	0.0642
-2.2226	0.0636
-2.2157	0.0632
-2.2087	0.0626
-2.2017	0.0619
-2.1946	0.0614
-2.1874	0.0613
-2.1801	0.0613
-2.1729	0.0612
-2.1658	0.0609
-2.1588	0.0607
-2.1520	0.0605
-2.1454	0.0600
-2.1389	0.0597
-2.1326	0.0596
-2.1263	0.0599
-2.1200	0.0602
-2.1137	0.0608
-2.1075	0.0616
-2.1012	0.0623
-2.0951	0.0627
-2.0889	0.0631
-2.0829	0.0636
-2.0769	0.0639
-2.0709	0.0641
-2.0650	0.0646
-2.0591	0.0653
-2.0533	0.0655
-2.0475	0.0655
-2.0418	0.0653
-2.0360	0.0653
-2.0303	0.0656
-2.0246	0.0660
-2.0188	0.0664
-2.0131	0.0667
-2.0073	0.0671
-2.0016	0.0673
-1.9958	0.0672
-1.9901	0.0671
-1.9845	0.0671
-1.9788	0.0672
-1.9732	0.0674
-1.9677	0.0675
-1.9621	0.0676
-1.9565	0.0679
-1.9508	0.0679
-1.9451	0.0678
-1.9394	0.0679
-1.9338	0.0679
-1.9282	0.0680
-1.9227	0.0682
-1.9172	0.0685
-1.9118	0.0688
-1.9064	0.0691
-1.9010	0.0699
-1.8956	0.0705
-1.8902	0.0710
-1.8848	0.0712
-1.8793	0.0716
-1.8738	0.0719
-1.8683	0.0722
-1.8628	0.0723
-1.8573	0.0724
-1.8517	0.0725
-1.8462	0.0729
-1.8406	0.0734
-1.8350	0.0737
-1.8295	0.0738
-1.8239	0.0739
-1.8184	0.0741
-1.8129	0.0743
-1.8074	0.0744
-1.8020	0.0745
-1.7966	0.0745
-1.7911	0.0749
-1.7857	0.0747
-1.7803	0.0748
-1.7748	0.0750
-1.7692	0.0750
-1.7637	0.0754
-1.7581	0.0757
-1.7524	0.0758
-1.7468	0.0760
-1.7411	0.0761
-1.7353	0.0760
-1.7295	0.0761
-1.7237	0.0757
-1.7178	0.0757
-1.7118	0.0760
-1.7058	0.0764
-1.6998	0.0767
-1.6936	0.0768
-1.6874	0.0766
-1.6812	0.0764
-1.6749	0.0765
-1.6686	0.0764
-1.6623	0.0764
-1.6559	0.0764
-1.6495	0.0764
-1.6431	0.0765
-1.6367	0.0766
-1.6302	0.0768
-1.6238	0.0772
-1.6173	0.0774
-1.6108	0.0776
-1.6043	0.0776
-1.5978	0.0777
-1.5912	0.0775
-1.5846	0.0772
-1.5780	0.0768
-1.5713	0.0766
-1.5645	0.0765
-1.5576	0.0765
-1.5507	0.0768
-1.5437	0.0774
-1.5367	0.0775
-1.5295	0.0770
-1.5223	0.0769
-1.5150	0.0763
-1.5075	0.0758
-1.4998	0.0752
-1.4920	0.0742
-1.4840	0.0729
-1.4759	0.0715
-1.4675	0.0704
-1.4590	0.0694
-1.4502	0.0682
-1.4412	0.0669
-1.4320	0.0654
-1.4224	0.0636
-1.4126	0.0618
-1.4025	0.0605
-1.3922	0.0594
-1.3818	0.0583
-1.3713	0.0571
-1.3609	0.0565
-1.3507	0.0563
-1.3405	0.0563
-1.3306	0.0566
-1.3208	0.0573
-1.3112	0.0579
-1.3018	0.0587
-1.2926	0.0598
-1.2835	0.0610
-1.2746	0.0618
-1.2659	0.0627
-1.2572	0.0637
-1.2487	0.0644
-1.2402	0.0653
-1.2319	0.0664
-1.2237	0.0673
-1.2155	0.0682
-1.2074	0.0689
-1.1994	0.0694
-1.1915	0.0695
