-1.3046	0.0522
-1.2917	0.0389
-1.2792	0.0392
-1.2671	0.0396
-1.2554	0.0400
-1.2439	0.0405
-1.2328	0.0413
-1.2219	0.0422
-1.2113	0.0430
-1.2009	0.0435
-1.1906	0.0440
-1.1805	0.0443
-1.1705	0.0446
-1.1605	0.0446
-1.1505	0.0445
-1.1405	0.0443
-1.1306	0.0443
-1.1206	0.0445
-1.1105	0.0444
-1.1004	0.0438
-1.0902	0.0432
-1.0800	0.0426
-1.0698	0.0420
-1.0595	0.0413
-1.0493	0.0407
-1.0390	0.0401
-1.0288	0.0399
-1.0185	0.0397
-1.0083	0.0397
-0.9982	0.0397
-0.9881	0.0400
-0.9781	0.0402
-0.9683	0.0403
-0.9586	0.0406
-0.9491	0.0412
-0.9397	0.0417
-0.9306	0.0423
-0.9217	0.0431
-0.9130	0.0440
-0.9045	0.0451
-0.8962	0.0464
-0.8881	0.0477
-0.8803	0.0487
-0.8725	0.0498
-0.8649	0.0507
-0.8573	0.0516
-0.8499	0.0523
-0.8424	0.0531
-0.8350	0.0538
-0.8276	0.0543
-0.8201	0.0549
-0.8126	0.0554
-0.8050	0.0558
-0.7972	0.0561
-0.7894	0.0565
-0.7814	0.0570
-0.7733	0.0571
-0.7650	0.0571
-0.7567	0.0565
-0.7482	0.0559
-0.7397	0.0554
-0.7311	0.0547
-0.7225	0.0544
-0.7138	0.0541
-0.7051	0.0539
-0.6963	0.0535
-0.6875	0.0530
-0.6787	0.0526
-0.6698	0.0523
-0.6609	0.0522
-0.6519	0.0519
-0.6428	0.0517
-0.6338	0.0520
-0.6246	0.0521
-0.6154	0.0522
-0.6062	0.0522
-0.5969	0.0518
-0.5876	0.0516
-0.5782	0.0510
-0.5688	0.0506
-0.5593	0.0502
-0.5498	0.0499
-0.5404	0.0498
-0.5309	0.0498
-0.5215	0.0497
-0.5120	0.0498
-0.5026	0.0499
-0.4933	0.0499
-0.4840	0.0503
-0.4748	0.0504
-0.4656	0.0505
-0.4566	0.0510
-0.4476	0.0513
-0.4387	0.0514
-0.4300	0.0516
-0.4213	0.0516
-0.4128	0.0517
-0.4044	0.0519
-0.3961	0.0520
-0.3878	0.0524
-0.3797	0.0528
-0.3717	0.0535
-0.3637	0.0543
-0.3557	0.0550
-0.3478	0.0550
-0.3399	0.0551
-0.3321	0.0553
-0.3242	0.0554
-0.3163	0.0554
-0.3083	0.0551
-0.3004	0.0550
-0.2924	0.0547
-0.2843	0.0543
-0.2763	0.0542
-0.2681	0.0538
-0.2599	0.0533
-0.2517	0.0525
-0.2434	0.0517
-0.2351	0.0511
-0.2267	0.0508
-0.2183	0.0505
-0.2099	0.0500
-0.2014	0.0493
-0.1929	0.0490
-0.1843	0.0486
-0.1757	0.0482
-0.1671	0.0476
-0.1584	0.0468
-0.1497	0.0460
-0.1410	0.0452
-0.1323	0.0447
-0.1236	0.0442
-0.1149	0.0440
-0.1061	0.0440
-0.0974	0.0436
-0.0887	0.0436
-0.0799	0.0437
-0.0711	0.0435
-0.0624	0.0433
-0.0536	0.0429
-0.0449	0.0424
-0.0362	0.0420
-0.0275	0.0418
-0.0188	0.0414
-0.0101	0.0409
-0.0015	0.0405
0.0070	0.0399
0.0155	0.0395
0.0240	0.0390
0.0325	0.0386
0.0409	0.0384
0.0493	0.0381
0.0577	0.0377
0.0660	0.0372
0.0743	0.0368
0.0826	0.0364
0.0909	0.0362
0.0992	0.0362
0.1076	0.0358
0.1160	0.0349
0.1244	0.0342
0.1329	0.0334
0.1414	0.0323
0.1501	0.0314
0.1588	0.0304
0.1675	0.0293
0.1764	0.0283
0.1854	0.0274
0.1944	0.0263
0.2036	0.0255
0.2128	0.0245
0.2221	0.0236
0.2315	0.0226
0.2409	0.0217
0.2505	0.0210
0.2600	0.0204
0.2696	0.0197
0.2792	0.0186
0.2887	0.0177
0.2983	0.0170
0.3079	0.0162
0.3175	0.0153
0.3270	0.0146
0.3365	0.0135
0.3460	0.0125
0.3555	0.0116
0.3649	0.0109
0.3743	0.0101
0.3837	0.0094
0.3930	0.0087
0.4023	0.0080
0.4116	0.0073
0.4208	0.0064
0.4300	0.0056
0.4392	0.0046
0.4483	0.0039
0.4573	0.0032
0.4664	0.0026
0.4753	0.0023
0.4843	0.0019
0.4932	0.0016
0.5021	0.0011
0.5110	0.0004
0.5198	-0.0001
0.5286	-0.0005
0.5373	-0.0011
0.5460	-0.0018
0.5546	-0.0024
0.5632	-0.0026
0.5717	-0.0031
0.5802	-0.0034
0.5887	-0.0039
0.5971	-0.0044
0.6054	-0.0050
0.6137	-0.0057
0.6220	-0.0062
0.6302	-0.0063
0.6384	-0.0064
0.6466	-0.0068
0.6547	-0.0070
0.6627	-0.0071
0.6708	-0.0075
0.6788	-0.0079
0.6867	-0.0083
0.6946	-0.0085
0.7025	-0.0087
0.7104	-0.0089
0.7182	-0.0090
0.7260	-0.0092
0.7337	-0.0094
0.7415	-0.0096
0.7492	-0.0101
0.7569	-0.0104
0.7646	-0.0111
0.7722	-0.0121
0.7799	-0.0127
0.7875	-0.0135
0.7951	-0.0140
0.8026	-0.0146
0.8102	-0.0151
0.8177	-0.0156
0.8252	-0.0158
0.8327	-0.0158
0.8402	-0.0158
0.8477	-0.0159
0.8551	-0.0163
0.8626	-0.0168
0.8700	-0.0174
0.8774	-0.0180
0.8848	-0.0187
0.8921	-0.0196
0.8995	-0.0205
0.9068	-0.0215
0.9141	-0.0221
0.9214	-0.0226
0.9287	-0.0231
0.9360	-0.0237
0.9433	-0.0243
0.9506	-0.0248
0.9579	-0.0255
0.9651	-0.0262
0.9723	-0.0269
0.9795	-0.0275
0.9867	-0.0279
0.9938	-0.0286
1.0010	-0.0289
1.0081	-0.0296
1.0152	-0.0301
1.0223	-0.0304
1.0294	-0.0308
1.0365	-0.0311
1.0436	-0.0313
1.0508	-0.0316
1.0579	-0.0324
1.0650	-0.0333
1.0721	-0.0340
1.0792	-0.0349
1.0864	-0.0359
1.0934	-0.0369
1.1005	-0.0378
1.1076	-0.0385
1.1147	-0.0392
1.1218	-0.0396
1.1290	-0.0400
1.1362	-0.0406
1.1434	-0.0415
1.1507	-0.0422
1.1581	-0.0431
1.1656	-0.0442
1.1731	-0.0451
1.1807	-0.0460
1.1884	-0.0474
1.1961	-0.0488
1.2039	-0.0503
1.2118	-0.0519
1.2198	-0.0535
1.2279	-0.0550
1.2362	-0.0561
1.2447	-0.0572
1.2533	-0.0583
1.2620	-0.0595
1.2709	-0.0604
1.2800	-0.0614
1.2892	-0.0625
1.2986	-0.0643
1.3082	-0.0661
1.3179	-0.0684
1.3278	-0.0706
1.3379	-0.0723
1.3481	-0.0737
1.3586	-0.0749
1.3693	-0.0759
1.3802	-0.0770
1.3912	-0.0783
1.4025	-0.0796
1.4138	-0.0809
1.4252	-0.0822
1.4367	-0.0838
1.4483	-0.0855
1.4598	-0.0870
1.4715	-0.0884
1.4831	-0.0903
1.4948	-0.0932
1.5063	-0.0968
1.5178	-0.0998
1.5292	-0.1014
1.5404	-0.1018
1.5515	-0.1019
1.5625	-0.1021
1.5732	-0.1020
1.5838	-0.1014
1.5941	-0.1007
1.6043	-0.1000
1.6142	-0.0996
1.6238	-0.0993
1.6333	-0.0991
1.6425	-0.0990
1.6516	-0.0992
1.6604	-0.0993
1.6690	-0.0993
1.6775	-0.0996
1.6857	-0.0999
1.6939	-0.1004
1.7019	-0.1009
1.7097	-0.1014
1.7175	-0.1018
1.7251	-0.1021
1.7326	-0.1027
1.7401	-0.1032
1.7474	-0.1036
1.7546	-0.1040
1.7618	-0.1042
1.7689	-0.1048
1.7758	-0.1054
1.7827	-0.1063
1.7895	-0.1072
1.7963	-0.1078
1.8030	-0.1081
1.8096	-0.1087
1.8161	-0.1094
1.8226	-0.1101
1.8290	-0.1105
1.8353	-0.1105
1.8416	-0.1107
1.8479	-0.1110
1.8540	-0.1115
1.8601	-0.1119
1.8662	-0.1122
1.8721	-0.1129
1.8780	-0.1133
1.8839	-0.1138
1.8897	-0.1142
1.8954	-0.1149
1.9010	-0.1154
1.9067	-0.1159
1.9122	-0.1165
1.9177	-0.1171
1.9231	-0.1179
1.9286	-0.1188
1.9339	-0.1198
1.9393	-0.1208
1.9446	-0.1218
1.9500	-0.1225
1.9553	-0.1230
1.9606	-0.1232
1.9659	-0.1233
1.9713	-0.1235
1.9766	-0.1241
1.9819	-0.1249
1.9872	-0.1258
1.9925	-0.1266
1.9978	-0.1274
2.0031	-0.1281
2.0084	-0.1288
2.0136	-0.1293
2.0188	-0.1298
2.0240	-0.1307
2.0291	-0.1317
2.0341	-0.1324
2.0391	-0.1333
2.0441	-0.1342
2.0490	-0.1350
2.0539	-0.1359
2.0588	-0.1369
2.0636	-0.1375
2.0684	-0.1380
2.0732	-0.1386
2.0779	-0.1387
2.0826	-0.1389
2.0872	-0.1389
2.0917	-0.1391
2.0961	-0.1393
2.1005	-0.1393
2.1047	-0.1394
2.1088	-0.1395
2.1128	-0.1394
2.1166	-0.1394
2.1204	-0.1394
2.1240	-0.1397
2.1275	-0.1405
2.1310	-0.1410
2.1344	-0.1417
2.1378	-0.1424
2.1412	-0.1430
2.1446	-0.1434
2.1481	-0.1438
2.1517	-0.1441
2.1553	-0.1447
2.1590	-0.1452
2.1628	-0.1457
2.1665	-0.1463
2.1704	-0.1470
2.1743	-0.1476
2.1782	-0.1482
2.1821	-0.1489
2.1860	-0.1496
2.1899	-0.1503
2.1938	-0.1513
2.1976	-0.1523
2.2015	-0.1531
2.2053	-0.1538
2.2092	-0.1545
2.2130	-0.1550
2.2168	-0.1555
2.2206	-0.1560
2.2244	-0.1568
2.2282	-0.1572
2.2320	-0.1576
2.2358	-0.1582
2.2397	-0.1590
2.2435	-0.1599
2.2474	-0.1606
2.2513	-0.1612
2.2552	-0.1616
2.2592	-0.1621
2.2632	-0.1629
2.2671	-0.1641
2.2711	-0.1652
2.2751	-0.1661
2.2791	-0.1668
2.2830	-0.1672
2.2869	-0.1676
2.2908	-0.1680
2.2945	-0.1687
2.2982	-0.1690
2.3019	-0.1693
2.3054	-0.1697
2.3089	-0.1702
2.3122	-0.1701
2.3156	-0.1700
2.3188	-0.1701
2.3220	-0.1702
2.3251	-0.1697
2.3281	-0.1697
2.3311	-0.1699
2.3341	-0.1703
2.3370	-0.1706
2.3399	-0.1709
2.3427	-0.1714
2.3456	-0.1722
2.3484	-0.1730
2.3511	-0.1734
2.3539	-0.1736
2.3566	-0.1739
2.3594	-0.1741
2.3621	-0.1748
2.3647	-0.1752
2.3673	-0.1756
2.3699	-0.1760
2.3725	-0.1764
2.3750	-0.1770
2.3775	-0.1776
2.3800	-0.1781
2.3824	-0.1785
2.3848	-0.1789
2.3871	-0.1794
2.3894	-0.1799
2.3917	-0.1803
2.3939	-0.1807
2.3961	-0.1811
2.3983	-0.1814
2.4005	-0.1813
2.4026	-0.1811
2.4048	-0.1813
2.4069	-0.1812
2.4090	-0.1813
2.4111	-0.1818
2.4131	-0.1824
2.4152	-0.1833
2.4173	-0.1838
2.4194	-0.1844
2.4214	-0.1853
2.4235	-0.1860
2.4256	-0.1866
2.4276	-0.1867
2.4296	-0.1870
2.4315	-0.1872
2.4334	-0.1872
2.4352	-0.1870
2.4368	-0.1868
2.4383	-0.1867
2.4396	-0.1863
2.4407	-0.1860
2.4416	-0.1857
2.4423	-0.1850
2.4428	-0.1843
2.4432	-0.1838
2.4434	-0.1832
2.4435	-0.1827
2.4434	-0.1822
2.4433	-0.1815
2.4431	-0.1810
2.4428	-0.1805
2.4425	-0.1799
2.4422	-0.1796
2.4419	-0.1796
2.4418	-0.1796
2.4420	-0.1798
2.4424	-0.1804
2.4431	-0.1815
2.4442	-0.1831
2.4456	-0.1849
2.4473	-0.1870
2.4493	-0.1892
2.4516	-0.1915
2.4540	-0.1938
2.4566	-0.1957
2.4592	-0.1973
2.4620	-0.1988
2.4648	-0.2003
2.4678	-0.2017
2.4708	-0.2030
2.4738	-0.2042
2.4769	-0.2053
2.4800	-0.2058
2.4832	-0.2058
2.4863	-0.2058
2.4894	-0.2059
2.4925	-0.2062
2.4955	-0.2063
2.4984	-0.2065
2.5012	-0.2067
2.5040	-0.2070
2.5067	-0.2072
2.5093	-0.2069
2.5118	-0.2067
2.5143	-0.2064
2.5167	-0.2063
2.5190	-0.2061
2.5212	-0.2057
2.5233	-0.2054
2.5253	-0.2053
2.5271	-0.2055
2.5288	-0.2057
2.5303	-0.2058
2.5316	-0.2061
2.5328	-0.2061
2.5338	-0.2058
2.5346	-0.2052
2.5353	-0.2045
2.5359	-0.2039
2.5363	-0.2034
2.5365	-0.2030
2.5366	-0.2024
2.5366	-0.2017
2.5364	-0.2010
2.5362	-0.2001
2.5359	-0.1995
2.5355	-0.1989
2.5351	-0.1986
2.5346	-0.1987
2.5340	-0.1987
2.5334	-0.1987
2.5328	-0.1985
2.5321	-0.1986
2.5313	-0.1987
2.5305	-0.1987
2.5296	-0.1989
2.5287	-0.1993
2.5276	-0.1989
2.5266	-0.1983
2.5254	-0.1975
2.5243	-0.1967
2.5230	-0.1960
2.5217	-0.1956
2.5204	-0.1950
2.5190	-0.1945
2.5174	-0.1943
2.5158	-0.1943
2.5141	-0.1944
2.5123	-0.1942
2.5103	-0.1940
2.5083	-0.1937
2.5062	-0.1932
2.5039	-0.1928
2.5016	-0.1924
2.4993	-0.1918
2.4968	-0.1912
2.4944	-0.1908
2.4918	-0.1906
2.4892	-0.1903
2.4866	-0.1900
2.4839	-0.1897
2.4811	-0.1893
2.4783	-0.1885
2.4755	-0.1879
2.4726	-0.1873
2.4696	-0.1867
2.4665	-0.1863
2.4634	-0.1860
2.4603	-0.1856
2.4570	-0.1854
2.4537	-0.1853
2.4504	-0.1849
2.4470	-0.1844
2.4435	-0.1841
2.4401	-0.1839
2.4365	-0.1834
2.4330	-0.1830
2.4295	-0.1825
2.4260	-0.1819
2.4225	-0.1812
2.4190	-0.1807
2.4156	-0.1805
2.4121	-0.1803
2.4087	-0.1799
2.4052	-0.1798
2.4017	-0.1797
2.3981	-0.1792
2.3944	-0.1786
2.3907	-0.1782
2.3869	-0.1777
2.3831	-0.1769
2.3791	-0.1763
2.3749	-0.1756
2.3707	-0.1747
2.3663	-0.1737
2.3617	-0.1727
2.3570	-0.1717
2.3521	-0.1705
2.3470	-0.1692
2.3418	-0.1677
2.3364	-0.1665
2.3309	-0.1655
2.3252	-0.1647
2.3194	-0.1637
2.3135	-0.1627
2.3074	-0.1614
2.3012	-0.1601
2.2949	-0.1593
2.2885	-0.1587
2.2819	-0.1577
2.2752	-0.1566
2.2685	-0.1556
2.2616	-0.1548
2.2548	-0.1538
2.2479	-0.1527
2.2411	-0.1518
2.2342	-0.1508
2.2273	-0.1500
2.2204	-0.1487
2.2135	-0.1478
2.2065	-0.1470
2.1995	-0.1462
2.1924	-0.1457
2.1852	-0.1452
2.1780	-0.1444
2.1708	-0.1439
2.1637	-0.1435
2.1567	-0.1430
2.1499	-0.1423
2.1432	-0.1419
2.1367	-0.1416
2.1303	-0.1415
2.1240	-0.1417
2.1177	-0.1418
2.1114	-0.1421
2.1052	-0.1422
2.0989	-0.1422
2.0927	-0.1422
2.0865	-0.1422
2.0804	-0.1420
2.0743	-0.1420
2.0682	-0.1416
2.0622	-0.1411
2.0562	-0.1408
2.0502	-0.1408
2.0441	-0.1406
2.0381	-0.1404
2.0319	-0.1401
2.0258	-0.1395
2.0196	-0.1387
2.0135	-0.1379
2.0074	-0.1371
2.0014	-0.1364
1.9955	-0.1359
1.9896	-0.1354
1.9838	-0.1346
1.9780	-0.1338
1.9722	-0.1334
1.9665	-0.1331
1.9607	-0.1328
1.9550	-0.1323
1.9493	-0.1321
1.9434	-0.1320
1.9376	-0.1321
1.9317	-0.1320
1.9258	-0.1319
1.9200	-0.1314
1.9142	-0.1310
1.9085	-0.1307
1.9029	-0.1306
1.8973	-0.1305
1.8917	-0.1301
1.8862	-0.1297
1.8807	-0.1292
1.8752	-0.1285
1.8696	-0.1278
1.8642	-0.1270
1.8587	-0.1265
1.8532	-0.1261
1.8477	-0.1254
1.8422	-0.1247
1.8367	-0.1242
1.8312	-0.1239
1.8257	-0.1237
1.8202	-0.1239
1.8148	-0.1242
1.8094	-0.1243
1.8040	-0.1242
1.7987	-0.1238
1.7935	-0.1234
1.7883	-0.1227
1.7831	-0.1223
1.7779	-0.1221
1.7727	-0.1220
1.7675	-0.1217
1.7623	-0.1212
1.7570	-0.1206
1.7517	-0.1203
1.7463	-0.1200
1.7409	-0.1199
1.7354	-0.1192
1.7299	-0.1184
1.7243	-0.1176
1.7187	-0.1168
1.7131	-0.1160
1.7074	-0.1154
1.7016	-0.1152
1.6958	-0.1148
1.6900	-0.1144
1.6840	-0.1138
1.6781	-0.1135
1.6720	-0.1132
1.6659	-0.1127
1.6597	-0.1122
1.6535	-0.1116
1.6473	-0.1105
1.6409	-0.1094
1.6346	-0.1085
1.6282	-0.1076
1.6218	-0.1070
1.6154	-0.1061
1.6090	-0.1052
1.6026	-0.1043
1.5962	-0.1036
1.5899	-0.1031
1.5835	-0.1023
1.5771	-0.1015
1.5708	-0.1010
1.5644	-0.1004
1.5580	-0.1000
1.5516	-0.0998
1.5451	-0.0993
1.5385	-0.0988
1.5319	-0.0982
1.5250	-0.0973
1.5180	-0.0964
1.5107	-0.0952
1.5031	-0.0935
1.4953	-0.0914
1.4872	-0.0890
1.4788	-0.0870
1.4702	-0.0850
1.4614	-0.0830
1.4523	-0.0811
1.4430	-0.0793
1.4334	-0.0774
1.4237	-0.0756
1.4138	-0.0739
1.4038	-0.0724
1.3937	-0.0707
1.3836	-0.0692
1.3736	-0.0679
1.3637	-0.0676
1.3540	-0.0675
1.3444	-0.0678
1.3349	-0.0684
1.3256	-0.0691
1.3165	-0.0695
1.3074	-0.0699
1.2985	-0.0703
1.2897	-0.0704
1.2809	-0.0700
1.2722	-0.0696
1.2636	-0.0693
1.2550	-0.0691
1.2465	-0.0693
1.2380	-0.0693
1.2295	-0.0690
1.2211	-0.0684
1.2127	-0.0682
1.2043	-0.0682
1.1960	-0.0677
1.1877	-0.0667
1.1795	-0.0658
1.1714	-0.0653
1.1633	-0.0650
1.1554	-0.0651
1.1475	-0.0652
1.1397	-0.0654
1.1319	-0.0656
1.1242	-0.0657
1.1166	-0.0659
1.1089	-0.0659
1.1013	-0.0659
1.0936	-0.0661
1.0860	-0.0664
1.0782	-0.0665
1.0704	-0.0662
1.0625	-0.0657
1.0545	-0.0653
1.0464	-0.0652
1.0383	-0.0648
1.0300	-0.0641
1.0217	-0.0631
1.0132	-0.0621
1.0047	-0.0614
0.9960	-0.0607
0.9873	-0.0600
0.9785	-0.0598
0.9697	-0.0595
0.9608	-0.0594
0.9518	-0.0597
0.9429	-0.0601
0.9340	-0.0608
0.9252	-0.0612
0.9164	-0.0617
0.9077	-0.0625
0.8992	-0.0634
0.8908	-0.0645
0.8826	-0.0656
0.8746	-0.0667
0.8668	-0.0675
0.8591	-0.0685
0.8516	-0.0698
0.8442	-0.0708
0.8370	-0.0716
0.8298	-0.0720
0.8227	-0.0724
0.8156	-0.0730
0.8085	-0.0737
0.8015	-0.0741
0.7944	-0.0741
0.7873	-0.0740
0.7801	-0.0737
0.7729	-0.0736
0.7654	-0.0730
0.7579	-0.0722
0.7502	-0.0711
0.7423	-0.0694
0.7342	-0.0671
0.7261	-0.0648
0.7178	-0.0623
0.7094	-0.0595
0.7008	-0.0566
0.6923	-0.0536
0.6836	-0.0504
0.6749	-0.0469
0.6661	-0.0431
0.6573	-0.0393
0.6484	-0.0354
0.6396	-0.0312
0.6307	-0.0266
0.6217	-0.0219
0.6128	-0.0172
0.6039	-0.0127
0.5949	-0.0079
0.5860	-0.0029
0.5770	0.0019
0.5681	0.0064
0.5591	0.0109
0.5501	0.0153
0.5411	0.0197
0.5322	0.0239
0.5232	0.0283
0.5142	0.0326
0.5053	0.0364
0.4963	0.0398
0.4874	0.0426
0.4786	0.0451
0.4697	0.0472
0.4610	0.0491
0.4523	0.0508
0.4436	0.0522
0.4350	0.0534
0.4266	0.0545
0.4182	0.0552
0.4099	0.0553
0.4017	0.0555
0.3936	0.0556
0.3856	0.0559
0.3778	0.0561
0.3700	0.0561
0.3623	0.0563
0.3547	0.0565
0.3471	0.0569
0.3395	0.0573
0.3320	0.0579
0.3245	0.0586
0.3169	0.0593
0.3093	0.0601
0.3017	0.0610
0.2940	0.0618
0.2863	0.0626
0.2785	0.0633
0.2706	0.0642
0.2627	0.0650
0.2547	0.0659
0.2466	0.0667
0.2385	0.0671
0.2303	0.0678
0.2221	0.0690
0.2138	0.0701
0.2055	0.0715
0.1971	0.0728
0.1887	0.0745
0.1802	0.0762
0.1717	0.0777
0.1631	0.0791
0.1545	0.0805
0.1459	0.0820
0.1373	0.0835
0.1286	0.0849
0.1200	0.0862
0.1114	0.0875
0.1028	0.0884
0.0941	0.0889
0.0855	0.0892
0.0769	0.0897
0.0682	0.0903
0.0596	0.0909
0.0510	0.0917
0.0424	0.0922
0.0338	0.0929
0.0253	0.0935
0.0168	0.0942
0.0083	0.0949
-0.0002	0.0958
-0.0086	0.0964
-0.0170	0.0971
-0.0254	0.0979
-0.0337	0.0986
-0.0420	0.0995
-0.0503	0.1007
-0.0585	0.1016
-0.0668	0.1027
-0.0749	0.1032
-0.0831	0.1035
-0.0913	0.1039
-0.0995	0.1045
-0.1078	0.1051
-0.1160	0.1055
-0.1244	0.1062
-0.1328	0.1071
-0.1413	0.1080
-0.1498	0.1090
-0.1585	0.1101
-0.1673	0.1115
-0.1761	0.1133
-0.1850	0.1147
-0.1940	0.1159
-0.2031	0.1174
-0.2123	0.1187
-0.2216	0.1200
-0.2309	0.1212
-0.2403	0.1222
-0.2497	0.1231
-0.2591	0.1239
-0.2686	0.1248
-0.2781	0.1259
-0.2876	0.1266
-0.2971	0.1272
-0.3066	0.1280
-0.3160	0.1292
-0.3255	0.1302
-0.3349	0.1313
-0.3443	0.1319
-0.3537	0.1323
-0.3630	0.1324
-0.3724	0.1329
-0.3817	0.1334
-0.3910	0.1340
-0.4002	0.1342
-0.4094	0.1346
-0.4186	0.1351
-0.4278	0.1357
-0.4369	0.1363
-0.4460	0.1364
-0.4550	0.1368
-0.4640	0.1372
-0.4729	0.1378
-0.4819	0.1386
-0.4907	0.1393
-0.4996	0.1400
-0.5084	0.1405
-0.5171	0.1408
-0.5258	0.1410
-0.5345	0.1414
-0.5431	0.1417
-0.5517	0.1423
-0.5603	0.1426
-0.5687	0.1429
-0.5772	0.1431
-0.5856	0.1436
-0.5940	0.1440
-0.6023	0.1444
-0.6105	0.1449
-0.6188	0.1453
-0.6270	0.1458
-0.6351	0.1462
-0.6432	0.1463
-0.6513	0.1461
-0.6593	0.1459
-0.6673	0.1460
-0.6753	0.1464
-0.6832	0.1465
-0.6911	0.1463
-0.6989	0.1464
-0.7068	0.1465
-0.7146	0.1463
-0.7223	0.1462
-0.7301	0.1463
-0.7378	0.1465
-0.7455	0.1467
-0.7532	0.1471
-0.7609	0.1471
-0.7685	0.1470
-0.7762	0.1466
-0.7838	0.1468
-0.7913	0.1469
-0.7989	0.1471
-0.8064	0.1471
-0.8140	0.1472
-0.8215	0.1474
-0.8290	0.1476
-0.8364	0.1482
-0.8439	0.1487
-0.8514	0.1491
-0.8588	0.1497
-0.8662	0.1499
-0.8736	0.1501
-0.8809	0.1507
-0.8883	0.1514
-0.8956	0.1517
-0.9029	0.1518
-0.9103	0.1515
-0.9176	0.1518
-0.9248	0.1523
-0.9321	0.1527
-0.9394	0.1533
-0.9467	0.1541
-0.9539	0.1547
-0.9611	0.1554
-0.9683	0.1557
-0.9754	0.1558
-0.9826	0.1559
-0.9897	0.1564
-0.9968	0.1569
-1.0039	0.1573
-1.0110	0.1573
-1.0181	0.1573
-1.0252	0.1570
-1.0323	0.1573
-1.0394	0.1573
-1.0466	0.1574
-1.0537	0.1575
-1.0608	0.1577
-1.0679	0.1576
-1.0750	0.1578
-1.0821	0.1582
-1.0892	0.1583
-1.0962	0.1583
-1.1033	0.1582
-1.1104	0.1580
-1.1175	0.1577
-1.1247	0.1577
-1.1319	0.1580
-1.1392	0.1588
-1.1465	0.1598
-1.1539	0.1609
-1.1613	0.1618
-1.1689	0.1626
-1.1764	0.1632
-1.1841	0.1639
-1.1918	0.1643
-1.1996	0.1644
-1.2075	0.1644
-1.2155	0.1646
-1.2237	0.1644
-1.2320	0.1646
-1.2404	0.1646
-1.2490	0.1644
-1.2578	0.1645
-1.2668	0.1646
-1.2759	0.1650
-1.2851	0.1653
-1.2946	0.1663
-1.3042	0.1673
-1.3140	0.1688
-1.3240	0.1704
-1.3342	0.1717
-1.3446	0.1728
-1.3551	0.1739
-1.3659	0.1749
-1.3769	0.1762
-1.3880	0.1773
-1.3994	0.1781
-1.4108	0.1786
-1.4224	0.1791
-1.4339	0.1794
-1.4456	0.1798
-1.4573	0.1804
-1.4691	0.1814
-1.4809	0.1841
-1.4927	0.1884
-1.5044	0.1925
-1.5160	0.1946
-1.5274	0.1951
-1.5388	0.1948
-1.5499	0.1947
-1.5609	0.1943
-1.5717	0.1936
-1.5823	0.1927
-1.5927	0.1918
-1.6028	0.1910
-1.6126	0.1900
-1.6223	0.1890
-1.6317	0.1879
-1.6409	0.1868
-1.6499	0.1854
-1.6587	0.1841
-1.6673	0.1829
-1.6757	0.1821
-1.6839	0.1814
-1.6921	0.1806
-1.7000	0.1796
-1.7079	0.1788
-1.7156	0.1781
-1.7233	0.1775
-1.7308	0.1767
-1.7382	0.1757
-1.7456	0.1750
-1.7529	0.1742
-1.7600	0.1735
-1.7671	0.1729
-1.7741	0.1726
-1.7810	0.1720
-1.7879	0.1717
-1.7947	0.1716
-1.8014	0.1715
-1.8080	0.1711
-1.8146	0.1705
-1.8211	0.1697
-1.8276	0.1690
-1.8340	0.1681
-1.8404	0.1676
-1.8467	0.1672
-1.8529	0.1670
-1.8591	0.1666
-1.8651	0.1660
-1.8712	0.1656
-1.8771	0.1648
-1.8830	0.1645
-1.8888	0.1639
-1.8945	0.1633
-1.9002	0.1627
-1.9058	0.1621
-1.9113	0.1616
-1.9168	0.1610
-1.9223	0.1606
-1.9277	0.1604
-1.9331	0.1602
-1.9385	0.1599
-1.9438	0.1597
-1.9491	0.1594
-1.9545	0.1588
-1.9598	0.1582
-1.9651	0.1578
-1.9704	0.1573
-1.9758	0.1570
-1.9811	0.1565
-1.9864	0.1560
-1.9917	0.1558
-1.9970	0.1555
-2.0023	0.1550
-2.0076	0.1546
-2.0128	0.1543
-2.0180	0.1540
-2.0231	0.1536
-2.0282	0.1531
-2.0332	0.1531
-2.0382	0.1530
-2.0431	0.1530
-2.0480	0.1529
-2.0528	0.1527
-2.0576	0.1523
-2.0624	0.1518
-2.0672	0.1515
-2.0720	0.1510
-2.0767	0.1506
-2.0815	0.1500
-2.0862	0.1494
-2.0909	0.1487
-2.0955	0.1480
-2.1000	0.1467
-2.1044	0.1455
-2.1087	0.1444
-2.1129	0.1434
-2.1169	0.1427
-2.1208	0.1418
-2.1245	0.1407
-2.1281	0.1399
-2.1317	0.1393
-2.1351	0.1390
-2.1386	0.1385
-2.1420	0.1379
-2.1454	0.1371
-2.1489	0.1362
-2.1524	0.1352
-2.1560	0.1343
-2.1596	0.1334
-2.1634	0.1328
-2.1671	0.1320
-2.1709	0.1314
-2.1748	0.1313
-2.1786	0.1311
-2.1825	0.1309
-2.1865	0.1307
-2.1904	0.1308
-2.1943	0.1308
-2.1983	0.1304
-2.2022	0.1300
-2.2061	0.1299
-2.2100	0.1297
-2.2139	0.1295
-2.2178	0.1291
-2.2217	0.1288
-2.2256	0.1284
-2.2295	0.1277
-2.2334	0.1272
-2.2373	0.1265
-2.2412	0.1262
-2.2451	0.1257
-2.2490	0.1254
-2.2529	0.1250
-2.2569	0.1244
-2.2608	0.1236
-2.2647	0.1231
-2.2687	0.1232
-2.2726	0.1232
-2.2765	0.1228
-2.2804	0.1224
-2.2843	0.1224
-2.2882	0.1220
-2.2920	0.1217
-2.2957	0.1214
-2.2994	0.1212
-2.3031	0.1208
-2.3066	0.1203
-2.3101	0.1195
-2.3136	0.1190
-2.3169	0.1184
-2.3202	0.1178
-2.3234	0.1172
-2.3266	0.1164
-2.3297	0.1156
-2.3327	0.1151
-2.3357	0.1147
-2.3386	0.1140
-2.3415	0.1135
-2.3444	0.1127
-2.3472	0.1122
-2.3501	0.1116
-2.3529	0.1109
-2.3557	0.1103
-2.3585	0.1099
-2.3613	0.1096
-2.3640	0.1091
-2.3667	0.1085
-2.3694	0.1081
-2.3721	0.1077
-2.3747	0.1071
-2.3774	0.1063
-2.3799	0.1056
-2.3825	0.1053
-2.3850	0.1052
-2.3875	0.1050
-2.3900	0.1047
-2.3924	0.1044
-2.3949	0.1041
-2.3973	0.1040
-2.3996	0.1036
-2.4020	0.1029
-2.4043	0.1024
-2.4066	0.1023
-2.4089	0.1021
-2.4112	0.1017
-2.4134	0.1010
-2.4156	0.1001
-2.4178	0.0994
-2.4200	0.0988
-2.4222	0.0980
-2.4244	0.0975
-2.4266	0.0970
-2.4287	0.0964
-2.4308	0.0960
-2.4329	0.0956
-2.4349	0.0953
-2.4369	0.0946
-2.4388	0.0939
-2.4406	0.0933
-2.4423	0.0925
-2.4438	0.0914
-2.4452	0.0902
-2.4463	0.0892
-2.4473	0.0880
-2.4481	0.0869
-2.4488	0.0857
-2.4493	0.0848
-2.4496	0.0836
-2.4498	0.0824
-2.4499	0.0811
-2.4498	0.0798
-2.4497	0.0787
-2.4494	0.0781
-2.4490	0.0771
-2.4487	0.0758
-2.4484	0.0749
-2.4483	0.0746
-2.4484	0.0747
-2.4488	0.0750
-2.4495	0.0756
-2.4505	0.0765
-2.4519	0.0777
-2.4537	0.0794
-2.4558	0.0811
-2.4581	0.0827
-2.4606	0.0839
-2.4634	0.0847
-2.4662	0.0855
-2.4692	0.0863
-2.4723	0.0871
-2.4754	0.0876
-2.4786	0.0882
-2.4817	0.0884
-2.4849	0.0885
-2.4880	0.0885
-2.4911	0.0885
-2.4942	0.0886
-2.4972	0.0885
-2.5002	0.0882
-2.5032	0.0877
-2.5060	0.0876
-2.5089	0.0877
-2.5117	0.0876
-2.5144	0.0871
-2.5171	0.0862
-2.5197	0.0855
-2.5223	0.0849
-2.5247	0.0841
-2.5270	0.0834
-2.5292	0.0826
-2.5313	0.0817
-2.5332	0.0808
-2.5350	0.0802
-2.5366	0.0801
-2.5380	0.0799
-2.5393	0.0794
-2.5404	0.0787
-2.5414	0.0780
-2.5422	0.0771
-2.5429	0.0762
-2.5435	0.0752
-2.5438	0.0741
-2.5441	0.0730
-2.5441	0.0720
-2.5441	0.0709
-2.5439	0.0702
-2.5436	0.0695
-2.5432	0.0688
-2.5427	0.0681
-2.5421	0.0675
-2.5415	0.0666
-2.5409	0.0660
-2.5403	0.0655
-2.5396	0.0651
-2.5389	0.0648
-2.5381	0.0647
-2.5373	0.0643
-2.5365	0.0639
-2.5356	0.0636
-2.5347	0.0632
-2.5338	0.0625
-2.5328	0.0613
-2.5318	0.0601
-2.5307	0.0588
-2.5295	0.0578
-2.5283	0.0569
-2.5270	0.0564
-2.5256	0.0556
-2.5241	0.0547
-2.5224	0.0540
-2.5207	0.0530
-2.5188	0.0522
-2.5169	0.0515
-2.5148	0.0511
-2.5127	0.0506
-2.5105	0.0500
-2.5083	0.0489
-2.5060	0.0480
-2.5037	0.0469
-2.5012	0.0461
-2.4987	0.0452
-2.4961	0.0443
-2.4934	0.0434
-2.4906	0.0424
-2.4878	0.0416
-2.4848	0.0410
-2.4818	0.0408
-2.4788	0.0405
-2.4757	0.0401
-2.4726	0.0398
-2.4694	0.0395
-2.4663	0.0392
-2.4630	0.0389
-2.4598	0.0384
-2.4565	0.0377
-2.4531	0.0369
-2.4498	0.0365
-2.4464	0.0358
-2.4429	0.0352
-2.4395	0.0344
-2.4360	0.0336
-2.4325	0.0330
-2.4291	0.0324
-2.4256	0.0320
-2.4221	0.0318
-2.4186	0.0315
-2.4151	0.0311
-2.4116	0.0307
-2.4079	0.0305
-2.4043	0.0303
-2.4005	0.0297
-2.3967	0.0290
-2.3927	0.0281
-2.3887	0.0275
-2.3845	0.0267
-2.3802	0.0262
-2.3758	0.0256
-2.3712	0.0247
-2.3664	0.0236
-2.3615	0.0224
-2.3564	0.0210
-2.3511	0.0194
-2.3457	0.0180
-2.3401	0.0169
-2.3344	0.0158
-2.3286	0.0148
-2.3226	0.0141
-2.3166	0.0131
-2.3104	0.0123
-2.3042	0.0115
-2.2978	0.0109
-2.2914	0.0106
-2.2849	0.0102
-2.2784	0.0094
-2.2718	0.0084
-2.2651	0.0077
-2.2584	0.0068
-2.2516	0.0061
-2.2448	0.0050
-2.2379	0.0041
-2.2309	0.0034
-2.2239	0.0028
-2.2167	0.0022
-2.2095	0.0018
-2.2022	0.0016
-2.1949	0.0015
-2.1875	0.0013
-2.1801	0.0012
-2.1729	0.0008
-2.1659	0.0003
-2.1590	-0.0004
-2.1524	-0.0009
-2.1459	-0.0010
-2.1395	-0.0013
-2.1331	-0.0010
-2.1268	-0.0005
-2.1204	0.0001
-2.1141	0.0004
-2.1078	0.0005
-2.1016	0.0004
-2.0954	0.0005
-2.0892	0.0003
-2.0831	0.0004
-2.0770	0.0003
-2.0710	0.0004
-2.0649	0.0003
-2.0589	0.0002
-2.0528	-0.0000
-2.0468	-0.0004
-2.0407	-0.0008
-2.0346	-0.0010
-2.0285	-0.0014
-2.0224	-0.0018
-2.0163	-0.0021
-2.0103	-0.0024
-2.0043	-0.0027
-1.9983	-0.0035
-1.9924	-0.0040
-1.9865	-0.0046
-1.9807	-0.0053
-1.9749	-0.0057
-1.9692	-0.0059
-1.9634	-0.0060
-1.9576	-0.0058
-1.9517	-0.0055
-1.9459	-0.0054
-1.9400	-0.0053
-1.9342	-0.0056
-1.9284	-0.0060
-1.9227	-0.0061
-1.9170	-0.0062
-1.9114	-0.0062
-1.9059	-0.0058
-1.9003	-0.0055
-1.8948	-0.0053
-1.8892	-0.0054
-1.8837	-0.0058
-1.8782	-0.0064
-1.8726	-0.0072
-1.8672	-0.0079
-1.8617	-0.0087
-1.8562	-0.0097
-1.8508	-0.0107
-1.8453	-0.0116
-1.8399	-0.0124
-1.8345	-0.0136
-1.8291	-0.0147
-1.8237	-0.0159
-1.8183	-0.0173
-1.8130	-0.0185
-1.8076	-0.0198
-1.8023	-0.0212
-1.7970	-0.0229
-1.7917	-0.0246
-1.7864	-0.0265
-1.7811	-0.0281
-1.7757	-0.0299
-1.7703	-0.0320
-1.7649	-0.0339
-1.7594	-0.0358
-1.7539	-0.0378
-1.7485	-0.0400
-1.7430	-0.0421
-1.7374	-0.0442
-1.7319	-0.0462
-1.7263	-0.0483
-1.7206	-0.0503
-1.7149	-0.0520
-1.7092	-0.0533
-1.7033	-0.0544
-1.6975	-0.0558
-1.6916	-0.0568
-1.6856	-0.0578
-1.6796	-0.0586
-1.6736	-0.0588
-1.6675	-0.0587
-1.6613	-0.0581
-1.6552	-0.0569
-1.6490	-0.0555
-1.6428	-0.0537
-1.6365	-0.0517
-1.6303	-0.0493
-1.6240	-0.0464
-1.6178	-0.0433
-1.6115	-0.0398
-1.6053	-0.0356
-1.5990	-0.0312
-1.5928	-0.0264
-1.5864	-0.0217
-1.5801	-0.0169
-1.5736	-0.0118
-1.5671	-0.0066
-1.5606	-0.0014
-1.5539	0.0035
-1.5471	0.0081
-1.5402	0.0123
-1.5331	0.0158
-1.5259	0.0188
-1.5183	0.0212
-1.5106	0.0233
-1.5025	0.0250
-1.4942	0.0263
-1.4857	0.0270
-1.4770	0.0275
-1.4680	0.0278
-1.4587	0.0279
-1.4492	0.0281
-1.4395	0.0282
-1.4296	0.0280
-1.4194	0.0278
-1.4091	0.0275
-1.3988	0.0270
-1.3884	0.0265
-1.3781	0.0263
-1.3679	0.0267
-1.3578	0.0275
-1.3479	0.0285
-1.3381	0.0298
-1.3285	0.0308
-1.3191	0.0321
-1.3098	0.0334
-1.3006	0.0346
-1.2915	0.0356
-1.2825	0.0366
-1.2736	0.0373
-1.2648	0.0379
-1.2560	0.0384
-1.2474	0.0386
-1.2388	0.0386
-1.2302	0.0388
-1.2218	0.0394
-1.2134	0.0399
-1.2052	0.0401
-1.1970	0.0402
