-2.3218	-0.0035
-2.3016	-0.0174
-2.2816	-0.0172
-2.2619	-0.0170
-2.2423	-0.0171
-2.2229	-0.0174
-2.2037	-0.0178
-2.1846	-0.0181
-2.1657	-0.0183
-2.1468	-0.0186
-2.1280	-0.0192
-2.1094	-0.0196
-2.0908	-0.0201
-2.0724	-0.0208
-2.0540	-0.0212
-2.0357	-0.0214
-2.0174	-0.0213
-1.9992	-0.0212
-1.9810	-0.0212
-1.9629	-0.0213
-1.9448	-0.0217
-1.9268	-0.0216
-1.9089	-0.0221
-1.8911	-0.0228
-1.8734	-0.0231
-1.8558	-0.0230
-1.8383	-0.0229
-1.8208	-0.0228
-1.8034	-0.0224
-1.7860	-0.0223
-1.7687	-0.0221
-1.7513	-0.0220
-1.7340	-0.0218
-1.7166	-0.0217
-1.6992	-0.0219
-1.6817	-0.0226
-1.6643	-0.0231
-1.6468	-0.0232
-1.6293	-0.0232
-1.6118	-0.0230
-1.5942	-0.0233
-1.5766	-0.0234
-1.5590	-0.0238
-1.5415	-0.0243
-1.5240	-0.0251
-1.5066	-0.0255
-1.4893	-0.0258
-1.4722	-0.0261
-1.4551	-0.0265
-1.4382	-0.0268
-1.4215	-0.0270
-1.4048	-0.0272
-1.3882	-0.0274
-1.3717	-0.0281
-1.3553	-0.0280
-1.3389	-0.0279
-1.3226	-0.0275
-1.3063	-0.0272
-1.2901	-0.0270
-1.2739	-0.0272
-1.2577	-0.0269
-1.2416	-0.0266
-1.2255	-0.0263
-1.2095	-0.0262
-1.1934	-0.0259
-1.1774	-0.0256
-1.1614	-0.0250
-1.1455	-0.0242
-1.1295	-0.0239
-1.1136	-0.0238
-1.0978	-0.0234
-1.0819	-0.0233
-1.0661	-0.0231
-1.0504	-0.0228
-1.0347	-0.0223
-1.0190	-0.0212
-1.0035	-0.0205
-0.9880	-0.0198
-0.9725	-0.0189
-0.9571	-0.0181
-0.9416	-0.0175
-0.9262	-0.0170
-0.9107	-0.0165
-0.8951	-0.0164
-0.8795	-0.0163
-0.8638	-0.0162
-0.8481	-0.0161
-0.8322	-0.0165
-0.8164	-0.0167
-0.8004	-0.0168
-0.7844	-0.0171
-0.7683	-0.0177
-0.7522	-0.0176
-0.7360	-0.0175
-0.7198	-0.0178
-0.7036	-0.0182
-0.6872	-0.0186
-0.6709	-0.0195
-0.6545	-0.0203
-0.6380	-0.0207
-0.6216	-0.0208
-0.6052	-0.0209
-0.5889	-0.0207
-0.5725	-0.0206
-0.5563	-0.0206
-0.5400	-0.0203
-0.5239	-0.0198
-0.5078	-0.0193
-0.4918	-0.0188
-0.4759	-0.0187
-0.4600	-0.0189
-0.4442	-0.0188
-0.4284	-0.0188
-0.4127	-0.0189
-0.3969	-0.0185
-0.3813	-0.0178
-0.3656	-0.0174
-0.3500	-0.0175
-0.3344	-0.0176
-0.3188	-0.0170
-0.3034	-0.0164
-0.2882	-0.0155
-0.2732	-0.0148
-0.2584	-0.0141
-0.2439	-0.0132
-0.2296	-0.0122
-0.2154	-0.0111
-0.2014	-0.0103
-0.1874	-0.0094
-0.1735	-0.0083
-0.1597	-0.0069
-0.1459	-0.0054
-0.1321	-0.0043
-0.1185	-0.0029
-0.1049	-0.0017
-0.0914	-0.0006
-0.0779	0.0005
-0.0645	0.0017
-0.0510	0.0029
-0.0376	0.0040
-0.0242	0.0054
-0.0107	0.0066
0.0028	0.0079
0.0164	0.0087
0.0299	0.0091
0.0435	0.0094
0.0570	0.0095
0.0705	0.0098
0.0839	0.0099
0.0973	0.0104
0.1107	0.0112
0.1241	0.0120
0.1375	0.0128
0.1508	0.0135
0.1640	0.0141
0.1773	0.0149
0.1905	0.0159
0.2039	0.0169
0.2173	0.0179
0.2307	0.0187
0.2442	0.0196
0.2576	0.0205
0.2710	0.0216
0.2843	0.0228
0.2976	0.0239
0.3108	0.0247
0.3240	0.0255
0.3373	0.0267
0.3505	0.0280
0.3638	0.0291
0.3772	0.0300
0.3906	0.0312
0.4040	0.0323
0.4175	0.0334
0.4310	0.0342
0.4446	0.0348
0.4582	0.0356
0.4719	0.0363
0.4857	0.0371
0.4995	0.0378
0.5133	0.0385
0.5271	0.0390
0.5408	0.0395
0.5546	0.0400
0.5684	0.0404
0.5822	0.0414
0.5959	0.0425
0.6097	0.0437
0.6234	0.0450
0.6372	0.0463
0.6510	0.0474
0.6648	0.0483
0.6786	0.0494
0.6924	0.0508
0.7063	0.0523
0.7201	0.0536
0.7339	0.0546
0.7478	0.0554
0.7617	0.0566
0.7755	0.0574
0.7894	0.0581
0.8034	0.0593
0.8173	0.0605
0.8313	0.0610
0.8453	0.0619
0.8593	0.0630
0.8733	0.0645
0.8873	0.0659
0.9014	0.0671
0.9154	0.0685
0.9295	0.0702
0.9435	0.0718
0.9576	0.0738
0.9716	0.0762
0.9856	0.0779
0.9997	0.0800
1.0137	0.0825
1.0277	0.0847
1.0417	0.0871
1.0557	0.0898
1.0698	0.0927
1.0839	0.0957
1.0980	0.0993
1.1122	0.1032
1.1264	0.1071
1.1406	0.1104
1.1549	0.1144
1.1692	0.1188
1.1835	0.1229
1.1979	0.1273
1.2123	0.1318
1.2269	0.1360
1.2416	0.1403
1.2565	0.1442
1.2716	0.1478
1.2868	0.1511
1.3022	0.1542
1.3178	0.1577
1.3335	0.1608
1.3493	0.1634
1.3652	0.1657
1.3811	0.1679
1.3970	0.1698
1.4129	0.1717
1.4286	0.1732
1.4443	0.1746
1.4596	0.1754
1.4747	0.1760
1.4895	0.1764
1.5041	0.1766
1.5183	0.1760
1.5322	0.1747
1.5459	0.1724
1.5595	0.1691
1.5728	0.1651
1.5860	0.1601
1.5991	0.1542
1.6121	0.1474
1.6249	0.1401
1.6377	0.1317
1.6503	0.1233
1.6629	0.1146
1.6753	0.1060
1.6877	0.0971
1.6999	0.0884
1.7121	0.0802
1.7242	0.0726
1.7362	0.0663
1.7482	0.0611
1.7600	0.0575
1.7718	0.0555
1.7835	0.0555
1.7951	0.0568
1.8066	0.0592
1.8181	0.0622
1.8296	0.0658
1.8410	0.0691
1.8525	0.0717
1.8639	0.0735
1.8754	0.0744
1.8870	0.0746
1.8987	0.0736
1.9105	0.0714
1.9223	0.0685
1.9343	0.0653
1.9465	0.0619
1.9587	0.0587
1.9711	0.0561
1.9835	0.0539
1.9961	0.0524
2.0087	0.0520
2.0213	0.0517
2.0340	0.0514
2.0467	0.0508
2.0594	0.0499
2.0720	0.0487
2.0845	0.0469
2.0969	0.0451
2.1091	0.0430
2.1211	0.0415
2.1330	0.0407
2.1446	0.0404
2.1559	0.0404
2.1669	0.0412
2.1776	0.0424
2.1880	0.0437
2.1981	0.0443
2.2079	0.0448
2.2175	0.0446
2.2268	0.0440
2.2360	0.0437
2.2450	0.0437
2.2540	0.0442
2.2628	0.0447
2.2717	0.0458
2.2807	0.0467
2.2897	0.0474
2.2988	0.0476
2.3081	0.0470
2.3176	0.0465
2.3273	0.0464
2.3374	0.0465
2.3476	0.0466
2.3582	0.0462
2.3690	0.0454
2.3800	0.0442
2.3913	0.0424
2.4028	0.0408
2.4144	0.0394
2.4261	0.0380
2.4379	0.0366
2.4498	0.0353
2.4616	0.0337
2.4735	0.0321
2.4854	0.0308
2.4973	0.0301
2.5091	0.0293
2.5209	0.0286
2.5326	0.0282
2.5442	0.0277
2.5558	0.0269
2.5674	0.0261
2.5788	0.0255
2.5902	0.0249
2.6015	0.0249
2.6128	0.0243
2.6240	0.0240
2.6351	0.0232
2.6460	0.0223
2.6569	0.0213
2.6677	0.0214
2.6784	0.0213
2.6890	0.0209
2.6995	0.0210
2.7098	0.0207
2.7200	0.0205
2.7302	0.0203
2.7402	0.0202
2.7500	0.0202
2.7598	0.0201
2.7694	0.0197
2.7789	0.0193
2.7883	0.0190
2.7976	0.0190
2.8068	0.0191
2.8159	0.0189
2.8250	0.0187
2.8339	0.0188
2.8429	0.0191
2.8518	0.0191
2.8607	0.0189
2.8696	0.0186
2.8785	0.0177
2.8875	0.0170
2.8965	0.0165
2.9055	0.0163
2.9146	0.0162
2.9237	0.0162
2.9328	0.0157
2.9419	0.0151
2.9510	0.0142
2.9601	0.0134
2.9692	0.0130
2.9783	0.0123
2.9873	0.0113
2.9962	0.0103
3.0051	0.0093
3.0140	0.0086
3.0227	0.0079
3.0315	0.0072
3.0402	0.0066
3.0489	0.0062
3.0575	0.0059
3.0662	0.0056
3.0748	0.0055
3.0834	0.0049
3.0920	0.0045
3.1005	0.0044
3.1090	0.0041
3.1175	0.0036
3.1260	0.0036
3.1345	0.0036
3.1429	0.0036
3.1514	0.0037
3.1599	0.0036
3.1684	0.0036
3.1768	0.0033
3.1853	0.0027
3.1938	0.0021
3.2023	0.0017
3.2108	0.0012
3.2192	0.0009
3.2276	0.0005
3.2360	0.0003
3.2444	0.0004
3.2527	0.0004
3.2610	0.0003
3.2692	-0.0001
3.2774	-0.0003
3.2855	-0.0006
3.2936	-0.0014
3.3017	-0.0021
3.3097	-0.0025
3.3177	-0.0027
3.3256	-0.0031
3.3336	-0.0037
3.3415	-0.0042
3.3494	-0.0047
3.3573	-0.0051
3.3652	-0.0056
3.3731	-0.0064
3.3810	-0.0072
3.3889	-0.0075
3.3968	-0.0078
3.4046	-0.0083
3.4124	-0.0090
3.4203	-0.0094
3.4281	-0.0100
3.4358	-0.0103
3.4436	-0.0106
3.4513	-0.0106
3.4590	-0.0109
3.4666	-0.0115
3.4741	-0.0122
3.4816	-0.0127
3.4890	-0.0133
3.4963	-0.0139
3.5035	-0.0141
3.5106	-0.0142
3.5177	-0.0145
3.5246	-0.0148
3.5315	-0.0147
3.5382	-0.0148
3.5449	-0.0146
3.5515	-0.0145
3.5580	-0.0145
3.5644	-0.0144
3.5707	-0.0144
3.5769	-0.0145
3.5830	-0.0149
3.5891	-0.0154
3.5950	-0.0160
3.6009	-0.0164
3.6067	-0.0167
3.6124	-0.0166
3.6179	-0.0165
3.6234	-0.0165
3.6289	-0.0165
3.6342	-0.0162
3.6395	-0.0161
3.6447	-0.0164
3.6498	-0.0165
3.6548	-0.0165
3.6598	-0.0165
3.6647	-0.0169
3.6695	-0.0173
3.6743	-0.0174
3.6790	-0.0173
3.6836	-0.0171
3.6882	-0.0170
3.6927	-0.0164
3.6971	-0.0158
3.7015	-0.0158
3.7058	-0.0158
3.7101	-0.0160
3.7143	-0.0158
3.7185	-0.0159
3.7226	-0.0162
3.7267	-0.0166
3.7307	-0.0164
3.7347	-0.0163
3.7387	-0.0164
3.7426	-0.0169
3.7464	-0.0175
3.7503	-0.0182
3.7541	-0.0184
3.7579	-0.0185
3.7616	-0.0186
3.7653	-0.0188
3.7690	-0.0188
3.7726	-0.0184
3.7763	-0.0180
3.7799	-0.0176
3.7835	-0.0174
3.7870	-0.0175
3.7905	-0.0180
3.7940	-0.0183
3.7975	-0.0185
3.8010	-0.0188
3.8044	-0.0191
3.8078	-0.0191
3.8111	-0.0188
3.8145	-0.0183
3.8178	-0.0178
3.8211	-0.0177
3.8244	-0.0179
3.8277	-0.0186
3.8309	-0.0188
3.8341	-0.0192
3.8372	-0.0195
3.8403	-0.0197
3.8434	-0.0196
3.8465	-0.0199
3.8496	-0.0202
3.8526	-0.0204
3.8556	-0.0209
3.8586	-0.0213
3.8616	-0.0216
3.8645	-0.0218
3.8674	-0.0217
3.8703	-0.0217
3.8732	-0.0215
3.8761	-0.0214
3.8790	-0.0212
3.8819	-0.0214
3.8847	-0.0214
3.8876	-0.0211
3.8904	-0.0210
3.8932	-0.0209
3.8959	-0.0206
3.8987	-0.0209
3.9014	-0.0213
3.9040	-0.0216
3.9067	-0.0219
3.9093	-0.0221
3.9119	-0.0220
3.9145	-0.0223
3.9170	-0.0225
3.9196	-0.0224
3.9221	-0.0226
3.9247	-0.0226
3.9272	-0.0224
3.9297	-0.0228
3.9322	-0.0237
3.9347	-0.0244
3.9372	-0.0251
3.9398	-0.0257
3.9423	-0.0261
3.9448	-0.0264
3.9474	-0.0265
3.9499	-0.0270
3.9525	-0.0280
3.9551	-0.0288
3.9578	-0.0291
3.9605	-0.0294
3.9632	-0.0294
3.9660	-0.0297
3.9689	-0.0302
3.9717	-0.0310
3.9747	-0.0321
3.9777	-0.0330
3.9807	-0.0339
3.9838	-0.0345
3.9870	-0.0357
3.9903	-0.0372
3.9936	-0.0390
3.9971	-0.0412
4.0006	-0.0427
4.0042	-0.0440
4.0078	-0.0451
4.0114	-0.0462
4.0149	-0.0476
4.0185	-0.0492
4.0219	-0.0509
4.0251	-0.0522
4.0282	-0.0535
4.0310	-0.0551
4.0337	-0.0567
4.0362	-0.0584
4.0384	-0.0611
4.0404	-0.0657
4.0420	-0.0715
4.0432	-0.0762
4.0441	-0.0783
4.0446	-0.0783
4.0447	-0.0782
4.0443	-0.0787
4.0436	-0.0787
4.0424	-0.0782
4.0408	-0.0773
4.0388	-0.0766
4.0364	-0.0761
4.0336	-0.0755
4.0305	-0.0745
4.0270	-0.0735
4.0233	-0.0728
4.0193	-0.0724
4.0150	-0.0718
4.0106	-0.0713
4.0059	-0.0712
4.0011	-0.0709
3.9960	-0.0705
3.9909	-0.0698
3.9856	-0.0692
3.9802	-0.0686
3.9747	-0.0682
3.9691	-0.0679
3.9635	-0.0675
3.9578	-0.0670
3.9520	-0.0668
3.9463	-0.0666
3.9405	-0.0663
3.9348	-0.0658
3.9290	-0.0649
3.9233	-0.0645
3.9175	-0.0638
3.9118	-0.0631
3.9061	-0.0629
3.9004	-0.0626
3.8947	-0.0624
3.8890	-0.0624
3.8833	-0.0629
3.8776	-0.0632
3.8719	-0.0633
3.8663	-0.0637
3.8606	-0.0642
3.8549	-0.0644
3.8492	-0.0646
3.8435	-0.0646
3.8378	-0.0649
3.8321	-0.0652
3.8263	-0.0659
3.8206	-0.0666
3.8148	-0.0673
3.8090	-0.0678
3.8032	-0.0683
3.7975	-0.0685
3.7917	-0.0685
3.7859	-0.0683
3.7802	-0.0680
3.7745	-0.0675
3.7688	-0.0674
3.7631	-0.0678
3.7574	-0.0682
3.7517	-0.0684
3.7460	-0.0683
3.7403	-0.0684
3.7346	-0.0684
3.7289	-0.0685
3.7231	-0.0687
3.7173	-0.0691
3.7114	-0.0693
3.7054	-0.0698
3.6993	-0.0701
3.6933	-0.0703
3.6871	-0.0702
3.6809	-0.0706
3.6748	-0.0711
3.6686	-0.0713
3.6625	-0.0712
3.6564	-0.0711
3.6504	-0.0716
3.6444	-0.0717
3.6384	-0.0719
3.6325	-0.0723
3.6266	-0.0731
3.6206	-0.0734
3.6146	-0.0737
3.6086	-0.0738
3.6024	-0.0741
3.5962	-0.0744
3.5898	-0.0744
3.5832	-0.0741
3.5766	-0.0739
3.5698	-0.0737
3.5629	-0.0737
3.5559	-0.0739
3.5489	-0.0740
3.5418	-0.0739
3.5348	-0.0740
3.5278	-0.0741
3.5208	-0.0737
3.5139	-0.0734
3.5071	-0.0731
3.5003	-0.0731
3.4936	-0.0730
3.4870	-0.0730
3.4804	-0.0731
3.4738	-0.0735
3.4672	-0.0743
3.4605	-0.0751
3.4539	-0.0758
3.4471	-0.0764
3.4404	-0.0770
3.4335	-0.0776
3.4266	-0.0782
3.4197	-0.0787
3.4126	-0.0792
3.4056	-0.0797
3.3985	-0.0799
3.3914	-0.0799
3.3842	-0.0801
3.3770	-0.0802
3.3698	-0.0803
3.3625	-0.0803
3.3552	-0.0807
3.3479	-0.0816
3.3405	-0.0827
3.3330	-0.0836
3.3255	-0.0842
3.3180	-0.0844
3.3103	-0.0842
3.3027	-0.0838
3.2949	-0.0834
3.2872	-0.0840
3.2793	-0.0848
3.2714	-0.0851
3.2633	-0.0850
3.2552	-0.0848
3.2470	-0.0851
3.2387	-0.0861
3.2302	-0.0867
3.2217	-0.0870
3.2130	-0.0865
3.2042	-0.0859
3.1954	-0.0853
3.1864	-0.0843
3.1773	-0.0833
3.1682	-0.0826
3.1590	-0.0824
3.1497	-0.0824
3.1403	-0.0827
3.1309	-0.0828
3.1215	-0.0830
3.1120	-0.0830
3.1026	-0.0832
3.0931	-0.0830
3.0836	-0.0827
3.0741	-0.0818
3.0646	-0.0812
3.0552	-0.0803
3.0457	-0.0801
3.0362	-0.0802
3.0267	-0.0804
3.0171	-0.0808
3.0075	-0.0813
2.9979	-0.0822
2.9883	-0.0833
2.9787	-0.0838
2.9690	-0.0841
2.9592	-0.0847
2.9495	-0.0849
2.9397	-0.0850
2.9299	-0.0849
2.9200	-0.0849
2.9102	-0.0852
2.9002	-0.0856
2.8903	-0.0863
2.8803	-0.0865
2.8703	-0.0862
2.8603	-0.0861
2.8502	-0.0859
2.8400	-0.0855
2.8298	-0.0852
2.8196	-0.0852
2.8093	-0.0856
2.7989	-0.0863
2.7884	-0.0867
2.7779	-0.0869
2.7673	-0.0868
2.7567	-0.0866
2.7460	-0.0865
2.7353	-0.0865
2.7245	-0.0864
2.7136	-0.0862
2.7027	-0.0861
2.6917	-0.0855
2.6806	-0.0847
2.6693	-0.0839
2.6578	-0.0831
2.6461	-0.0823
2.6342	-0.0818
2.6222	-0.0814
2.6100	-0.0811
2.5978	-0.0808
2.5854	-0.0802
2.5731	-0.0799
2.5607	-0.0796
2.5484	-0.0789
2.5362	-0.0779
2.5240	-0.0774
2.5119	-0.0773
2.5001	-0.0775
2.4885	-0.0782
2.4771	-0.0791
2.4661	-0.0801
2.4553	-0.0814
2.4449	-0.0828
2.4347	-0.0842
2.4248	-0.0858
2.4151	-0.0877
2.4054	-0.0894
2.3958	-0.0912
2.3862	-0.0927
2.3766	-0.0937
2.3669	-0.0945
2.3571	-0.0953
2.3473	-0.0965
2.3373	-0.0978
2.3273	-0.0989
2.3171	-0.0997
2.3068	-0.1001
2.2964	-0.1005
2.2858	-0.1006
2.2751	-0.1007
2.2641	-0.1006
2.2530	-0.1012
2.2417	-0.1018
2.2302	-0.1023
2.2185	-0.1022
2.2067	-0.1023
2.1947	-0.1024
2.1826	-0.1029
2.1703	-0.1030
2.1579	-0.1030
2.1453	-0.1027
2.1325	-0.1025
2.1195	-0.1020
2.1064	-0.1017
2.0930	-0.1014
2.0795	-0.1011
2.0657	-0.1007
2.0517	-0.1001
2.0376	-0.0997
2.0233	-0.0989
2.0088	-0.0977
1.9942	-0.0969
1.9795	-0.0966
1.9646	-0.0964
1.9497	-0.0964
1.9346	-0.0964
1.9194	-0.0963
1.9042	-0.0959
1.8888	-0.0957
1.8734	-0.0952
1.8580	-0.0949
1.8424	-0.0944
1.8269	-0.0938
1.8112	-0.0935
1.7956	-0.0931
1.7798	-0.0930
1.7640	-0.0928
1.7482	-0.0927
1.7322	-0.0923
1.7161	-0.0917
1.7000	-0.0905
1.6838	-0.0890
1.6675	-0.0875
1.6512	-0.0866
1.6348	-0.0856
1.6183	-0.0844
1.6017	-0.0834
1.5851	-0.0828
1.5685	-0.0822
1.5518	-0.0814
1.5351	-0.0808
1.5185	-0.0799
1.5018	-0.0790
1.4852	-0.0782
1.4687	-0.0775
1.4522	-0.0770
1.4358	-0.0763
1.4196	-0.0753
1.4034	-0.0739
1.3873	-0.0725
1.3713	-0.0716
1.3554	-0.0710
1.3395	-0.0702
1.3237	-0.0692
1.3079	-0.0683
1.2922	-0.0677
1.2764	-0.0673
1.2607	-0.0666
1.2450	-0.0660
1.2292	-0.0653
1.2135	-0.0646
1.1977	-0.0640
1.1820	-0.0635
1.1662	-0.0633
1.1505	-0.0630
1.1347	-0.0630
1.1189	-0.0630
1.1032	-0.0627
1.0875	-0.0625
1.0718	-0.0622
1.0561	-0.0617
1.0405	-0.0614
1.0251	-0.0611
1.0097	-0.0611
0.9944	-0.0609
0.9792	-0.0607
0.9640	-0.0604
0.9489	-0.0599
0.9338	-0.0593
0.9186	-0.0585
0.9035	-0.0577
0.8882	-0.0568
0.8728	-0.0560
0.8573	-0.0553
0.8417	-0.0543
0.8261	-0.0534
0.8103	-0.0518
0.7944	-0.0506
0.7785	-0.0493
0.7625	-0.0480
0.7465	-0.0470
0.7304	-0.0460
0.7143	-0.0451
0.6982	-0.0441
0.6820	-0.0431
0.6658	-0.0417
0.6495	-0.0403
0.6332	-0.0389
0.6169	-0.0374
0.6006	-0.0356
0.5843	-0.0339
0.5679	-0.0323
0.5516	-0.0308
0.5353	-0.0294
0.5190	-0.0282
0.5027	-0.0271
0.4865	-0.0263
0.4705	-0.0259
0.4545	-0.0256
0.4387	-0.0248
0.4231	-0.0245
0.4075	-0.0241
0.3920	-0.0234
0.3767	-0.0224
0.3613	-0.0216
0.3460	-0.0208
0.3307	-0.0200
0.3154	-0.0195
0.3001	-0.0187
0.2850	-0.0181
0.2701	-0.0172
0.2554	-0.0164
0.2409	-0.0160
0.2267	-0.0158
0.2127	-0.0155
0.1989	-0.0154
0.1851	-0.0154
0.1714	-0.0159
0.1578	-0.0163
0.1442	-0.0168
0.1306	-0.0168
0.1171	-0.0165
0.1037	-0.0163
0.0903	-0.0160
0.0770	-0.0155
0.0636	-0.0151
0.0504	-0.0145
0.0371	-0.0143
0.0238	-0.0142
0.0105	-0.0137
-0.0028	-0.0136
-0.0162	-0.0136
-0.0296	-0.0134
-0.0429	-0.0131
-0.0563	-0.0125
-0.0696	-0.0118
-0.0829	-0.0109
-0.0961	-0.0103
-0.1093	-0.0091
-0.1225	-0.0079
-0.1356	-0.0066
-0.1488	-0.0056
-0.1618	-0.0051
-0.1749	-0.0046
-0.1881	-0.0037
-0.2013	-0.0030
-0.2146	-0.0023
-0.2279	-0.0016
-0.2413	-0.0011
-0.2547	-0.0007
-0.2681	0.0002
-0.2814	0.0011
-0.2946	0.0014
-0.3079	0.0018
-0.3211	0.0024
-0.3344	0.0027
-0.3476	0.0029
-0.3609	0.0030
-0.3742	0.0030
-0.3875	0.0031
-0.4009	0.0033
-0.4144	0.0037
-0.4278	0.0042
-0.4414	0.0047
-0.4550	0.0054
-0.4686	0.0062
-0.4823	0.0070
-0.4960	0.0073
-0.5098	0.0076
-0.5235	0.0083
-0.5372	0.0091
-0.5509	0.0100
-0.5645	0.0113
-0.5781	0.0122
-0.5917	0.0133
-0.6053	0.0144
-0.6189	0.0154
-0.6325	0.0161
-0.6461	0.0170
-0.6597	0.0176
-0.6734	0.0181
-0.6871	0.0185
-0.7008	0.0187
-0.7145	0.0191
-0.7283	0.0199
-0.7421	0.0211
-0.7559	0.0221
-0.7697	0.0234
-0.7835	0.0247
-0.7973	0.0261
-0.8112	0.0272
-0.8251	0.0281
-0.8390	0.0293
-0.8529	0.0302
-0.8669	0.0313
-0.8809	0.0326
-0.8948	0.0338
-0.9089	0.0348
-0.9229	0.0356
-0.9369	0.0366
-0.9509	0.0376
-0.9650	0.0382
-0.9790	0.0387
-0.9931	0.0398
-1.0071	0.0408
-1.0211	0.0421
-1.0351	0.0432
-1.0491	0.0441
-1.0630	0.0445
-1.0770	0.0453
-1.0910	0.0459
-1.1050	0.0463
-1.1189	0.0473
-1.1329	0.0489
-1.1469	0.0506
-1.1608	0.0523
-1.1748	0.0544
-1.1888	0.0566
-1.2029	0.0588
-1.2171	0.0608
-1.2315	0.0630
-1.2462	0.0657
-1.2610	0.0681
-1.2761	0.0709
-1.2914	0.0736
-1.3069	0.0764
-1.3225	0.0796
-1.3381	0.0829
-1.3539	0.0859
-1.3696	0.0890
-1.3852	0.0923
-1.4008	0.0951
-1.4163	0.0976
-1.4315	0.1001
-1.4465	0.1024
-1.4611	0.1046
-1.4755	0.1063
-1.4896	0.1072
-1.5034	0.1078
-1.5169	0.1088
-1.5302	0.1099
-1.5433	0.1109
-1.5564	0.1120
-1.5693	0.1134
-1.5821	0.1148
-1.5948	0.1168
-1.6075	0.1190
-1.6202	0.1206
-1.6328	0.1219
-1.6454	0.1231
-1.6579	0.1241
-1.6703	0.1252
-1.6828	0.1260
-1.6951	0.1266
-1.7075	0.1275
-1.7198	0.1286
-1.7320	0.1296
-1.7442	0.1301
-1.7564	0.1301
-1.7684	0.1301
-1.7804	0.1295
-1.7923	0.1286
-1.8041	0.1275
-1.8159	0.1260
-1.8276	0.1241
-1.8393	0.1220
-1.8510	0.1197
-1.8627	0.1171
-1.8744	0.1139
-1.8861	0.1105
-1.8980	0.1074
-1.9099	0.1036
-1.9219	0.1002
-1.9340	0.0970
-1.9462	0.0939
-1.9585	0.0902
-1.9709	0.0864
-1.9835	0.0827
-1.9960	0.0792
-2.0087	0.0757
-2.0214	0.0724
-2.0341	0.0694
-2.0468	0.0664
-2.0595	0.0635
-2.0722	0.0604
-2.0848	0.0573
-2.0972	0.0541
-2.1095	0.0519
-2.1216	0.0491
-2.1335	0.0464
-2.1451	0.0440
-2.1564	0.0418
-2.1675	0.0393
-2.1782	0.0364
-2.1886	0.0333
-2.1988	0.0302
-2.2086	0.0277
-2.2182	0.0256
-2.2277	0.0240
-2.2369	0.0224
-2.2461	0.0208
-2.2551	0.0195
-2.2642	0.0185
-2.2733	0.0172
-2.2824	0.0164
-2.2917	0.0158
-2.3010	0.0155
-2.3106	0.0148
-2.3203	0.0140
-2.3304	0.0134
-2.3407	0.0130
-2.3512	0.0131
-2.3621	0.0134
-2.3732	0.0139
-2.3847	0.0142
-2.3963	0.0145
-2.4082	0.0150
-2.4201	0.0157
-2.4322	0.0162
-2.4443	0.0167
-2.4564	0.0171
-2.4685	0.0175
-2.4806	0.0178
-2.4927	0.0180
-2.5046	0.0180
-2.5165	0.0178
-2.5283	0.0181
-2.5399	0.0184
-2.5515	0.0184
-2.5631	0.0188
-2.5745	0.0193
-2.5858	0.0195
-2.5970	0.0195
-2.6081	0.0195
-2.6192	0.0194
-2.6301	0.0192
-2.6410	0.0188
-2.6518	0.0182
-2.6624	0.0176
-2.6730	0.0171
-2.6835	0.0165
-2.6938	0.0163
-2.7040	0.0157
-2.7142	0.0148
-2.7242	0.0142
-2.7341	0.0132
-2.7439	0.0122
-2.7536	0.0113
-2.7632	0.0106
-2.7727	0.0100
-2.7821	0.0098
-2.7913	0.0093
-2.8005	0.0091
-2.8097	0.0088
-2.8187	0.0087
-2.8277	0.0085
-2.8367	0.0083
-2.8457	0.0079
-2.8547	0.0070
-2.8636	0.0062
-2.8727	0.0056
-2.8817	0.0055
-2.8908	0.0051
-2.8999	0.0047
-2.9091	0.0045
-2.9184	0.0041
-2.9277	0.0036
-2.9370	0.0030
-2.9464	0.0031
-2.9558	0.0034
-2.9652	0.0037
-2.9745	0.0041
-2.9838	0.0044
-2.9931	0.0047
-3.0023	0.0047
-3.0114	0.0048
-3.0204	0.0052
-3.0294	0.0052
-3.0383	0.0052
-3.0472	0.0049
-3.0561	0.0048
-3.0648	0.0044
-3.0736	0.0044
-3.0823	0.0043
-3.0910	0.0040
-3.0996	0.0036
-3.1082	0.0036
-3.1168	0.0031
-3.1253	0.0029
-3.1338	0.0028
-3.1423	0.0025
-3.1508	0.0019
-3.1592	0.0017
-3.1677	0.0016
-3.1762	0.0014
-3.1847	0.0010
-3.1932	0.0007
-3.2017	0.0006
-3.2102	0.0005
-3.2187	0.0005
-3.2272	0.0004
-3.2356	0.0003
-3.2440	0.0000
-3.2524	0.0003
-3.2607	0.0004
-3.2690	0.0007
-3.2773	0.0010
-3.2854	0.0013
-3.2936	0.0017
-3.3017	0.0021
-3.3097	0.0024
-3.3177	0.0026
-3.3257	0.0025
-3.3337	0.0024
-3.3416	0.0024
-3.3496	0.0023
-3.3575	0.0025
-3.3654	0.0026
-3.3733	0.0029
-3.3812	0.0027
-3.3891	0.0026
-3.3969	0.0028
-3.4048	0.0027
-3.4126	0.0025
-3.4204	0.0026
-3.4282	0.0026
-3.4360	0.0027
-3.4437	0.0026
-3.4514	0.0026
-3.4591	0.0029
-3.4667	0.0029
-3.4742	0.0031
-3.4816	0.0035
-3.4890	0.0038
-3.4963	0.0039
-3.5035	0.0045
-3.5106	0.0049
-3.5176	0.0053
-3.5246	0.0055
-3.5314	0.0059
-3.5382	0.0060
-3.5449	0.0061
-3.5515	0.0062
-3.5581	0.0063
-3.5645	0.0069
-3.5709	0.0070
-3.5772	0.0072
-3.5834	0.0078
-3.5895	0.0085
-3.5955	0.0088
-3.6014	0.0092
-3.6073	0.0093
-3.6130	0.0092
-3.6187	0.0089
-3.6243	0.0085
-3.6298	0.0083
-3.6352	0.0079
-3.6405	0.0076
-3.6458	0.0075
-3.6510	0.0073
-3.6561	0.0069
-3.6611	0.0065
-3.6661	0.0065
-3.6710	0.0066
-3.6758	0.0069
-3.6806	0.0068
-3.6853	0.0069
-3.6900	0.0064
-3.6945	0.0058
-3.6991	0.0051
-3.7035	0.0043
-3.7079	0.0035
-3.7123	0.0029
-3.7166	0.0027
-3.7208	0.0025
-3.7250	0.0028
-3.7291	0.0031
-3.7332	0.0029
-3.7373	0.0028
-3.7413	0.0024
-3.7452	0.0021
-3.7492	0.0019
-3.7531	0.0016
-3.7569	0.0016
-3.7607	0.0016
-3.7645	0.0016
-3.7683	0.0016
-3.7720	0.0017
-3.7757	0.0016
-3.7794	0.0015
-3.7830	0.0015
-3.7866	0.0011
-3.7902	0.0008
-3.7937	0.0006
-3.7972	0.0005
-3.8007	0.0007
-3.8042	0.0005
-3.8076	0.0000
-3.8110	-0.0003
-3.8144	-0.0005
-3.8178	-0.0008
-3.8212	-0.0009
-3.8245	-0.0011
-3.8278	-0.0010
-3.8310	-0.0007
-3.8342	-0.0001
-3.8374	0.0002
-3.8406	0.0002
-3.8437	-0.0001
-3.8468	-0.0003
-3.8499	-0.0004
-3.8530	-0.0002
-3.8560	-0.0002
-3.8590	-0.0001
-3.8620	0.0003
-3.8650	0.0007
-3.8679	0.0010
-3.8708	0.0010
-3.8737	0.0004
-3.8766	-0.0003
-3.8795	-0.0007
-3.8824	-0.0009
-3.8852	-0.0010
-3.8881	-0.0010
-3.8909	-0.0008
-3.8937	-0.0007
-3.8965	-0.0001
-3.8993	0.0001
-3.9020	0.0003
-3.9047	0.0006
-3.9074	0.0009
-3.9100	0.0014
-3.9126	0.0015
-3.9152	0.0014
-3.9177	0.0012
-3.9203	0.0009
-3.9228	0.0004
-3.9254	0.0005
-3.9279	0.0001
-3.9304	-0.0000
-3.9329	-0.0000
-3.9354	0.0001
-3.9380	0.0003
-3.9405	0.0007
-3.9430	0.0012
-3.9455	0.0017
-3.9480	0.0017
-3.9506	0.0019
-3.9531	0.0023
-3.9557	0.0027
-3.9583	0.0033
-3.9610	0.0038
-3.9636	0.0043
-3.9663	0.0049
-3.9691	0.0056
-3.9719	0.0065
-3.9748	0.0075
-3.9777	0.0078
-3.9806	0.0081
-3.9836	0.0089
-3.9867	0.0096
-3.9899	0.0099
-3.9931	0.0110
-3.9965	0.0121
-4.0000	0.0129
-4.0035	0.0139
-4.0071	0.0146
-4.0107	0.0150
-4.0144	0.0152
-4.0180	0.0158
-4.0216	0.0159
-4.0250	0.0165
-4.0283	0.0171
-4.0315	0.0178
-4.0345	0.0183
-4.0373	0.0190
-4.0399	0.0196
-4.0423	0.0212
-4.0444	0.0254
-4.0462	0.0307
-4.0476	0.0340
-4.0487	0.0339
-4.0493	0.0322
-4.0496	0.0314
-4.0494	0.0315
-4.0488	0.0309
-4.0478	0.0293
-4.0463	0.0281
-4.0444	0.0274
-4.0421	0.0268
-4.0394	0.0254
-4.0363	0.0238
-4.0329	0.0223
-4.0292	0.0204
-4.0253	0.0183
-4.0211	0.0162
-4.0166	0.0144
-4.0120	0.0127
-4.0072	0.0113
-4.0022	0.0102
-3.9971	0.0090
-3.9918	0.0081
-3.9865	0.0072
-3.9810	0.0064
-3.9755	0.0057
-3.9698	0.0049
-3.9642	0.0036
-3.9585	0.0028
-3.9527	0.0024
-3.9470	0.0019
-3.9412	0.0012
-3.9355	0.0005
-3.9298	-0.0000
-3.9241	-0.0006
-3.9184	-0.0012
-3.9127	-0.0017
-3.9071	-0.0020
-3.9014	-0.0024
-3.8958	-0.0025
-3.8902	-0.0030
-3.8846	-0.0035
-3.8789	-0.0038
-3.8733	-0.0041
-3.8677	-0.0043
-3.8620	-0.0047
-3.8564	-0.0047
-3.8507	-0.0049
-3.8450	-0.0051
-3.8393	-0.0056
-3.8336	-0.0060
-3.8279	-0.0062
-3.8221	-0.0063
-3.8163	-0.0061
-3.8105	-0.0061
-3.8047	-0.0060
-3.7990	-0.0062
-3.7932	-0.0066
-3.7874	-0.0071
-3.7816	-0.0071
-3.7759	-0.0072
-3.7702	-0.0073
-3.7645	-0.0077
-3.7588	-0.0082
-3.7531	-0.0087
-3.7474	-0.0088
-3.7417	-0.0092
-3.7359	-0.0091
-3.7301	-0.0089
-3.7243	-0.0088
-3.7184	-0.0088
-3.7125	-0.0087
-3.7064	-0.0088
-3.7003	-0.0086
-3.6942	-0.0087
-3.6880	-0.0092
-3.6818	-0.0096
-3.6756	-0.0093
-3.6694	-0.0088
-3.6633	-0.0086
-3.6572	-0.0086
-3.6512	-0.0091
-3.6453	-0.0095
-3.6395	-0.0100
-3.6336	-0.0102
-3.6279	-0.0109
-3.6221	-0.0115
-3.6162	-0.0123
-3.6103	-0.0128
-3.6043	-0.0133
-3.5981	-0.0138
-3.5918	-0.0147
-3.5853	-0.0153
-3.5787	-0.0158
-3.5719	-0.0160
-3.5649	-0.0160
-3.5579	-0.0155
-3.5507	-0.0151
-3.5435	-0.0153
-3.5364	-0.0156
-3.5292	-0.0159
-3.5221	-0.0165
-3.5150	-0.0173
-3.5081	-0.0177
-3.5012	-0.0181
-3.4943	-0.0183
-3.4875	-0.0185
-3.4808	-0.0187
-3.4740	-0.0186
-3.4673	-0.0180
-3.4605	-0.0173
-3.4538	-0.0168
-3.4469	-0.0165
-3.4401	-0.0163
-3.4332	-0.0162
-3.4263	-0.0164
-3.4193	-0.0164
-3.4123	-0.0158
-3.4053	-0.0153
-3.3982	-0.0148
-3.3911	-0.0143
-3.3840	-0.0142
-3.3768	-0.0139
-3.3696	-0.0140
-3.3624	-0.0144
-3.3551	-0.0145
-3.3478	-0.0148
-3.3404	-0.0150
-3.3329	-0.0147
-3.3254	-0.0140
-3.3178	-0.0135
-3.3102	-0.0135
-3.3025	-0.0138
-3.2947	-0.0142
-3.2868	-0.0141
-3.2789	-0.0138
-3.2709	-0.0141
-3.2628	-0.0146
-3.2546	-0.0150
-3.2463	-0.0151
-3.2379	-0.0155
-3.2294	-0.0160
-3.2208	-0.0167
-3.2121	-0.0172
-3.2033	-0.0176
-3.1944	-0.0179
-3.1855	-0.0186
-3.1764	-0.0195
-3.1673	-0.0204
-3.1580	-0.0211
-3.1487	-0.0217
-3.1394	-0.0224
-3.1300	-0.0228
-3.1205	-0.0233
-3.1111	-0.0236
-3.1016	-0.0242
-3.0921	-0.0243
-3.0827	-0.0241
-3.0732	-0.0242
-3.0637	-0.0244
-3.0543	-0.0244
-3.0447	-0.0243
-3.0352	-0.0239
-3.0257	-0.0240
-3.0161	-0.0243
-3.0065	-0.0243
-2.9968	-0.0245
-2.9871	-0.0247
-2.9775	-0.0252
-2.9677	-0.0252
-2.9580	-0.0249
-2.9483	-0.0248
-2.9385	-0.0250
-2.9288	-0.0250
-2.9190	-0.0250
-2.9093	-0.0249
-2.8995	-0.0247
-2.8896	-0.0242
-2.8798	-0.0242
-2.8698	-0.0240
-2.8599	-0.0235
-2.8499	-0.0236
-2.8398	-0.0237
-2.8296	-0.0237
-2.8194	-0.0237
-2.8091	-0.0245
-2.7987	-0.0249
-2.7883	-0.0252
-2.7778	-0.0251
-2.7672	-0.0252
-2.7565	-0.0255
-2.7458	-0.0259
-2.7351	-0.0260
-2.7242	-0.0266
-2.7133	-0.0272
-2.7023	-0.0279
-2.6911	-0.0283
-2.6798	-0.0294
-2.6684	-0.0306
-2.6567	-0.0313
-2.6448	-0.0321
-2.6328	-0.0328
-2.6207	-0.0337
-2.6085	-0.0345
-2.5961	-0.0351
-2.5837	-0.0358
-2.5714	-0.0365
-2.5590	-0.0374
-2.5466	-0.0379
-2.5343	-0.0386
-2.5221	-0.0394
-2.5100	-0.0392
-2.4982	-0.0386
-2.4866	-0.0379
-2.4754	-0.0371
-2.4644	-0.0358
-2.4538	-0.0344
-2.4436	-0.0333
-2.4336	-0.0319
-2.4239	-0.0300
-2.4143	-0.0278
-2.4049	-0.0259
-2.3955	-0.0243
-2.3860	-0.0228
-2.3766	-0.0212
-2.3670	-0.0199
-2.3574	-0.0190
-2.3476	-0.0182
-2.3377	-0.0169
-2.3277	-0.0158
-2.3174	-0.0151
-2.3070	-0.0145
-2.2965	-0.0142
-2.2857	-0.0139
-2.2748	-0.0137
-2.2637	-0.0136
-2.2524	-0.0138
-2.2410	-0.0139
-2.2294	-0.0140
-2.2177	-0.0142
-2.2058	-0.0148
-2.1937	-0.0150
-2.1814	-0.0153
