-2.3473	0.0373
-2.3272	0.0236
-2.3074	0.0236
-2.2877	0.0234
-2.2683	0.0234
-2.2490	0.0234
-2.2298	0.0234
-2.2107	0.0234
-2.1918	0.0229
-2.1730	0.0226
-2.1543	0.0224
-2.1357	0.0222
-2.1172	0.0222
-2.0988	0.0218
-2.0805	0.0210
-2.0623	0.0205
-2.0442	0.0200
-2.0262	0.0198
-2.0082	0.0195
-1.9902	0.0193
-1.9723	0.0193
-1.9545	0.0192
-1.9366	0.0193
-1.9189	0.0193
-1.9012	0.0191
-1.8835	0.0186
-1.8659	0.0181
-1.8484	0.0177
-1.8310	0.0171
-1.8136	0.0166
-1.7963	0.0159
-1.7791	0.0154
-1.7619	0.0152
-1.7447	0.0148
-1.7275	0.0143
-1.7104	0.0136
-1.6932	0.0126
-1.6761	0.0117
-1.6589	0.0109
-1.6417	0.0101
-1.6244	0.0092
-1.6071	0.0084
-1.5898	0.0078
-1.5723	0.0069
-1.5549	0.0065
-1.5375	0.0060
-1.5201	0.0051
-1.5028	0.0041
-1.4856	0.0032
-1.4685	0.0024
-1.4515	0.0014
-1.4347	0.0006
-1.4179	-0.0003
-1.4012	-0.0013
-1.3846	-0.0022
-1.3681	-0.0030
-1.3515	-0.0038
-1.3350	-0.0045
-1.3186	-0.0050
-1.3021	-0.0053
-1.2857	-0.0058
-1.2693	-0.0066
-1.2529	-0.0074
-1.2366	-0.0080
-1.2203	-0.0087
-1.2041	-0.0089
-1.1880	-0.0092
-1.1718	-0.0098
-1.1557	-0.0105
-1.1397	-0.0111
-1.1237	-0.0118
-1.1077	-0.0124
-1.0918	-0.0130
-1.0759	-0.0137
-1.0601	-0.0143
-1.0443	-0.0149
-1.0286	-0.0151
-1.0130	-0.0154
-0.9975	-0.0158
-0.9821	-0.0164
-0.9668	-0.0174
-0.9515	-0.0183
-0.9363	-0.0187
-0.9212	-0.0189
-0.9060	-0.0192
-0.8907	-0.0196
-0.8755	-0.0198
-0.8601	-0.0203
-0.8447	-0.0208
-0.8291	-0.0213
-0.8134	-0.0222
-0.7975	-0.0231
-0.7816	-0.0239
-0.7654	-0.0243
-0.7492	-0.0248
-0.7328	-0.0255
-0.7163	-0.0263
-0.6997	-0.0276
-0.6830	-0.0294
-0.6663	-0.0314
-0.6495	-0.0335
-0.6328	-0.0355
-0.6161	-0.0374
-0.5994	-0.0392
-0.5828	-0.0405
-0.5663	-0.0420
-0.5499	-0.0433
-0.5335	-0.0444
-0.5172	-0.0453
-0.5009	-0.0464
-0.4847	-0.0474
-0.4685	-0.0483
-0.4524	-0.0492
-0.4363	-0.0503
-0.4203	-0.0516
-0.4043	-0.0526
-0.3884	-0.0537
-0.3726	-0.0547
-0.3568	-0.0561
-0.3410	-0.0571
-0.3253	-0.0580
-0.3096	-0.0588
-0.2941	-0.0596
-0.2788	-0.0602
-0.2638	-0.0608
-0.2490	-0.0613
-0.2344	-0.0615
-0.2201	-0.0618
-0.2059	-0.0617
-0.1919	-0.0617
-0.1780	-0.0617
-0.1642	-0.0617
-0.1505	-0.0617
-0.1368	-0.0614
-0.1232	-0.0618
-0.1097	-0.0620
-0.0964	-0.0626
-0.0831	-0.0634
-0.0698	-0.0646
-0.0567	-0.0655
-0.0435	-0.0663
-0.0304	-0.0666
-0.0172	-0.0668
-0.0040	-0.0669
0.0092	-0.0672
0.0224	-0.0672
0.0356	-0.0675
0.0489	-0.0679
0.0620	-0.0685
0.0752	-0.0692
0.0884	-0.0698
0.1015	-0.0701
0.1146	-0.0702
0.1278	-0.0702
0.1408	-0.0705
0.1539	-0.0706
0.1669	-0.0704
0.1799	-0.0703
0.1929	-0.0700
0.2060	-0.0699
0.2192	-0.0701
0.2325	-0.0703
0.2457	-0.0707
0.2589	-0.0710
0.2721	-0.0706
0.2852	-0.0704
0.2982	-0.0703
0.3112	-0.0700
0.3242	-0.0698
0.3372	-0.0697
0.3502	-0.0698
0.3632	-0.0696
0.3762	-0.0692
0.3893	-0.0689
0.4023	-0.0688
0.4155	-0.0687
0.4286	-0.0689
0.4418	-0.0692
0.4550	-0.0690
0.4683	-0.0689
0.4816	-0.0687
0.4949	-0.0687
0.5082	-0.0687
0.5215	-0.0688
0.5348	-0.0688
0.5481	-0.0685
0.5614	-0.0682
0.5747	-0.0680
0.5880	-0.0679
0.6013	-0.0682
0.6146	-0.0686
0.6280	-0.0691
0.6415	-0.0698
0.6549	-0.0705
0.6684	-0.0713
0.6819	-0.0722
0.6954	-0.0730
0.7090	-0.0734
0.7225	-0.0739
0.7361	-0.0748
0.7498	-0.0758
0.7634	-0.0767
0.7771	-0.0779
0.7909	-0.0792
0.8047	-0.0807
0.8185	-0.0824
0.8324	-0.0842
0.8463	-0.0859
0.8603	-0.0879
0.8743	-0.0899
0.8883	-0.0920
0.9023	-0.0943
0.9164	-0.0966
0.9304	-0.0990
0.9445	-0.1015
0.9586	-0.1042
0.9727	-0.1070
0.9868	-0.1099
1.0009	-0.1125
1.0151	-0.1153
1.0292	-0.1180
1.0434	-0.1202
1.0576	-0.1223
1.0718	-0.1240
1.0860	-0.1256
1.1003	-0.1271
1.1145	-0.1283
1.1287	-0.1294
1.1430	-0.1302
1.1573	-0.1307
1.1716	-0.1308
1.1861	-0.1306
1.2006	-0.1300
1.2153	-0.1293
1.2303	-0.1288
1.2455	-0.1281
1.2609	-0.1269
1.2765	-0.1253
1.2923	-0.1227
1.3083	-0.1193
1.3244	-0.1153
1.3407	-0.1097
1.3569	-0.1035
1.3731	-0.0966
1.3894	-0.0888
1.4055	-0.0799
1.4216	-0.0700
1.4375	-0.0595
1.4530	-0.0486
1.4683	-0.0372
1.4833	-0.0255
1.4980	-0.0140
1.5124	-0.0034
1.5265	0.0064
1.5404	0.0152
1.5542	0.0225
1.5677	0.0283
1.5812	0.0324
1.5945	0.0346
1.6077	0.0348
1.6208	0.0337
1.6338	0.0309
1.6467	0.0276
1.6594	0.0238
1.6721	0.0206
1.6847	0.0182
1.6972	0.0171
1.7096	0.0176
1.7220	0.0191
1.7343	0.0216
1.7465	0.0253
1.7586	0.0298
1.7706	0.0352
1.7825	0.0406
1.7943	0.0454
1.8060	0.0495
1.8176	0.0524
1.8292	0.0537
1.8408	0.0543
1.8523	0.0543
1.8639	0.0543
1.8755	0.0547
1.8872	0.0558
1.8990	0.0577
1.9110	0.0606
1.9231	0.0640
1.9353	0.0671
1.9477	0.0693
1.9602	0.0707
1.9728	0.0710
1.9854	0.0709
1.9981	0.0705
2.0109	0.0701
2.0236	0.0700
2.0364	0.0707
2.0491	0.0725
2.0617	0.0746
2.0743	0.0768
2.0867	0.0785
2.0989	0.0799
2.1110	0.0809
2.1228	0.0820
2.1344	0.0833
2.1457	0.0849
2.1567	0.0871
2.1674	0.0901
2.1778	0.0935
2.1879	0.0967
2.1977	0.0995
2.2072	0.1019
2.2165	0.1041
2.2256	0.1064
2.2346	0.1090
2.2434	0.1118
2.2523	0.1144
2.2611	0.1170
2.2700	0.1194
2.2790	0.1218
2.2881	0.1241
2.2974	0.1267
2.3068	0.1291
2.3165	0.1316
2.3265	0.1341
2.3367	0.1360
2.3472	0.1375
2.3579	0.1386
2.3690	0.1400
2.3802	0.1413
2.3917	0.1423
2.4034	0.1426
2.4152	0.1428
2.4271	0.1427
2.4390	0.1427
2.4510	0.1426
2.4630	0.1430
2.4751	0.1432
2.4871	0.1436
2.4991	0.1440
2.5111	0.1442
2.5231	0.1445
2.5350	0.1449
2.5468	0.1451
2.5586	0.1457
2.5704	0.1462
2.5820	0.1464
2.5936	0.1471
2.6052	0.1477
2.6166	0.1485
2.6280	0.1494
2.6392	0.1499
2.6504	0.1503
2.6615	0.1508
2.6724	0.1517
2.6832	0.1525
2.6939	0.1534
2.7045	0.1544
2.7149	0.1550
2.7252	0.1558
2.7354	0.1569
2.7455	0.1578
2.7554	0.1588
2.7653	0.1599
2.7750	0.1611
2.7846	0.1621
2.7942	0.1631
2.8036	0.1641
2.8130	0.1650
2.8224	0.1660
2.8317	0.1669
2.8410	0.1674
2.8502	0.1679
2.8595	0.1688
2.8688	0.1695
2.8781	0.1698
2.8874	0.1701
2.8968	0.1703
2.9062	0.1705
2.9156	0.1709
2.9250	0.1712
2.9345	0.1714
2.9439	0.1717
2.9533	0.1721
2.9627	0.1722
2.9720	0.1723
2.9813	0.1724
2.9906	0.1725
2.9998	0.1722
3.0089	0.1719
3.0179	0.1718
3.0269	0.1721
3.0358	0.1725
3.0446	0.1729
3.0535	0.1735
3.0623	0.1741
3.0710	0.1744
3.0797	0.1743
3.0884	0.1745
3.0970	0.1746
3.1056	0.1747
3.1141	0.1748
3.1227	0.1750
3.1312	0.1753
3.1397	0.1755
3.1481	0.1755
3.1566	0.1753
3.1651	0.1753
3.1735	0.1753
3.1820	0.1753
3.1905	0.1754
3.1990	0.1755
3.2075	0.1755
3.2160	0.1753
3.2245	0.1749
3.2329	0.1746
3.2414	0.1743
3.2498	0.1741
3.2583	0.1739
3.2667	0.1737
3.2750	0.1733
3.2834	0.1729
3.2917	0.1726
3.2999	0.1720
3.3081	0.1715
3.3163	0.1711
3.3244	0.1704
3.3325	0.1701
3.3405	0.1696
3.3485	0.1691
3.3564	0.1685
3.3643	0.1682
3.3723	0.1677
3.3801	0.1673
3.3880	0.1665
3.3958	0.1657
3.4036	0.1648
3.4114	0.1643
3.4192	0.1637
3.4270	0.1628
3.4347	0.1620
3.4424	0.1611
3.4501	0.1602
3.4578	0.1593
3.4654	0.1583
3.4730	0.1571
3.4805	0.1562
3.4879	0.1551
3.4953	0.1543
3.5026	0.1529
3.5098	0.1515
3.5169	0.1503
3.5239	0.1490
3.5308	0.1476
3.5376	0.1463
3.5444	0.1451
3.5510	0.1442
3.5575	0.1437
3.5640	0.1430
3.5703	0.1422
3.5765	0.1415
3.5827	0.1406
3.5888	0.1396
3.5947	0.1388
3.6006	0.1379
3.6064	0.1370
3.6122	0.1360
3.6178	0.1351
3.6233	0.1341
3.6288	0.1335
3.6342	0.1326
3.6395	0.1319
3.6447	0.1314
3.6499	0.1308
3.6549	0.1304
3.6600	0.1303
3.6649	0.1297
3.6697	0.1289
3.6745	0.1284
3.6793	0.1278
3.6839	0.1273
3.6885	0.1265
3.6931	0.1260
3.6976	0.1256
3.7020	0.1252
3.7064	0.1249
3.7107	0.1246
3.7150	0.1242
3.7192	0.1240
3.7234	0.1238
3.7275	0.1237
3.7316	0.1234
3.7357	0.1231
3.7397	0.1229
3.7436	0.1225
3.7476	0.1226
3.7515	0.1222
3.7553	0.1217
3.7592	0.1211
3.7630	0.1206
3.7667	0.1202
3.7705	0.1197
3.7742	0.1192
3.7779	0.1187
3.7816	0.1185
3.7852	0.1182
3.7888	0.1177
3.7924	0.1174
3.7960	0.1173
3.7996	0.1168
3.8031	0.1162
3.8066	0.1157
3.8100	0.1152
3.8135	0.1146
3.8169	0.1144
3.8203	0.1141
3.8237	0.1134
3.8270	0.1129
3.8304	0.1127
3.8337	0.1124
3.8370	0.1119
3.8402	0.1109
3.8434	0.1100
3.8466	0.1093
3.8498	0.1087
3.8530	0.1082
3.8561	0.1077
3.8592	0.1070
3.8622	0.1063
3.8653	0.1058
3.8683	0.1051
3.8713	0.1046
3.8742	0.1038
3.8771	0.1032
3.8800	0.1030
3.8829	0.1028
3.8858	0.1023
3.8887	0.1018
3.8915	0.1011
3.8944	0.1005
3.8972	0.1002
3.9000	0.0998
3.9028	0.0994
3.9056	0.0989
3.9084	0.0979
3.9111	0.0970
3.9139	0.0957
3.9165	0.0944
3.9192	0.0934
3.9218	0.0923
3.9243	0.0914
3.9269	0.0906
3.9294	0.0898
3.9319	0.0892
3.9345	0.0884
3.9370	0.0873
3.9395	0.0864
3.9420	0.0852
3.9446	0.0841
3.9472	0.0831
3.9497	0.0817
3.9523	0.0803
3.9549	0.0789
3.9575	0.0776
3.9601	0.0761
3.9628	0.0747
3.9654	0.0734
3.9680	0.0723
3.9707	0.0710
3.9734	0.0699
3.9762	0.0687
3.9790	0.0675
3.9818	0.0662
3.9847	0.0650
3.9877	0.0634
3.9908	0.0616
3.9939	0.0596
3.9971	0.0575
4.0004	0.0551
4.0037	0.0523
4.0072	0.0497
4.0107	0.0471
4.0142	0.0447
4.0177	0.0422
4.0212	0.0398
4.0246	0.0373
4.0280	0.0348
4.0311	0.0324
4.0342	0.0304
4.0370	0.0282
4.0395	0.0257
4.0419	0.0235
4.0441	0.0213
4.0460	0.0185
4.0476	0.0138
4.0489	0.0080
4.0498	0.0036
4.0503	0.0021
4.0504	0.0015
4.0502	0.0002
4.0496	-0.0014
4.0485	-0.0023
4.0471	-0.0026
4.0453	-0.0026
4.0431	-0.0027
4.0405	-0.0030
4.0375	-0.0036
4.0343	-0.0041
4.0308	-0.0046
4.0270	-0.0052
4.0230	-0.0054
4.0187	-0.0057
4.0143	-0.0058
4.0097	-0.0062
4.0050	-0.0067
4.0001	-0.0071
3.9950	-0.0074
3.9899	-0.0078
3.9847	-0.0080
3.9793	-0.0084
3.9739	-0.0092
3.9685	-0.0099
3.9629	-0.0105
3.9573	-0.0114
3.9517	-0.0119
3.9461	-0.0124
3.9405	-0.0128
3.9348	-0.0134
3.9291	-0.0142
3.9235	-0.0150
3.9178	-0.0159
3.9122	-0.0165
3.9065	-0.0174
3.9009	-0.0181
3.8952	-0.0186
3.8896	-0.0193
3.8839	-0.0199
3.8782	-0.0208
3.8726	-0.0216
3.8669	-0.0223
3.8612	-0.0231
3.8555	-0.0237
3.8498	-0.0243
3.8440	-0.0251
3.8383	-0.0262
3.8325	-0.0274
3.8267	-0.0283
3.8209	-0.0290
3.8151	-0.0298
3.8093	-0.0309
3.8035	-0.0320
3.7977	-0.0331
3.7919	-0.0340
3.7862	-0.0346
3.7805	-0.0351
3.7749	-0.0360
3.7692	-0.0367
3.7636	-0.0373
3.7580	-0.0377
3.7524	-0.0387
3.7468	-0.0396
3.7412	-0.0406
3.7356	-0.0418
3.7300	-0.0425
3.7243	-0.0431
3.7186	-0.0441
3.7129	-0.0454
3.7071	-0.0466
3.7013	-0.0477
3.6955	-0.0487
3.6896	-0.0500
3.6837	-0.0510
3.6778	-0.0519
3.6719	-0.0522
3.6659	-0.0526
3.6599	-0.0530
3.6539	-0.0532
3.6479	-0.0539
3.6417	-0.0548
3.6355	-0.0557
3.6292	-0.0561
3.6227	-0.0566
3.6162	-0.0567
3.6095	-0.0564
3.6027	-0.0566
3.5958	-0.0565
3.5889	-0.0567
3.5818	-0.0573
3.5747	-0.0580
3.5675	-0.0586
3.5602	-0.0594
3.5530	-0.0602
3.5457	-0.0611
3.5384	-0.0624
3.5313	-0.0632
3.5241	-0.0635
3.5171	-0.0638
3.5101	-0.0645
3.5031	-0.0650
3.4962	-0.0657
3.4894	-0.0665
3.4826	-0.0675
3.4758	-0.0684
3.4690	-0.0693
3.4622	-0.0701
3.4553	-0.0714
3.4484	-0.0728
3.4415	-0.0742
3.4345	-0.0754
3.4276	-0.0762
3.4205	-0.0770
3.4135	-0.0778
3.4064	-0.0784
3.3993	-0.0788
3.3922	-0.0796
3.3851	-0.0805
3.3779	-0.0817
3.3707	-0.0826
3.3635	-0.0836
3.3563	-0.0850
3.3491	-0.0864
3.3419	-0.0876
3.3346	-0.0886
3.3273	-0.0897
3.3199	-0.0909
3.3125	-0.0922
3.3051	-0.0933
3.2977	-0.0942
3.2902	-0.0949
3.2827	-0.0956
3.2751	-0.0966
3.2674	-0.0979
3.2597	-0.0992
3.2518	-0.0999
3.2439	-0.1005
3.2359	-0.1015
3.2277	-0.1028
3.2195	-0.1038
3.2111	-0.1046
3.2027	-0.1055
3.1941	-0.1066
3.1855	-0.1074
3.1768	-0.1080
3.1681	-0.1088
3.1593	-0.1099
3.1504	-0.1110
3.1414	-0.1121
3.1324	-0.1135
3.1233	-0.1148
3.1141	-0.1158
3.1049	-0.1164
3.0957	-0.1170
3.0864	-0.1177
3.0770	-0.1187
3.0676	-0.1197
3.0581	-0.1206
3.0485	-0.1212
3.0389	-0.1219
3.0292	-0.1224
3.0194	-0.1231
3.0095	-0.1237
2.9995	-0.1246
2.9895	-0.1251
2.9794	-0.1256
2.9693	-0.1263
2.9591	-0.1270
2.9488	-0.1277
2.9386	-0.1284
2.9283	-0.1290
2.9180	-0.1297
2.9078	-0.1304
2.8975	-0.1312
2.8872	-0.1322
2.8770	-0.1329
2.8667	-0.1335
2.8565	-0.1342
2.8463	-0.1351
2.8361	-0.1362
2.8259	-0.1373
2.8157	-0.1382
2.8054	-0.1389
2.7952	-0.1394
2.7849	-0.1402
2.7746	-0.1411
2.7642	-0.1422
2.7538	-0.1431
2.7434	-0.1438
2.7329	-0.1445
2.7223	-0.1455
2.7116	-0.1461
2.7008	-0.1462
2.6898	-0.1461
2.6785	-0.1462
2.6670	-0.1463
2.6553	-0.1460
2.6433	-0.1458
2.6311	-0.1461
2.6188	-0.1463
2.6063	-0.1462
2.5937	-0.1461
2.5810	-0.1461
2.5684	-0.1459
2.5558	-0.1459
2.5433	-0.1458
2.5308	-0.1457
2.5184	-0.1453
2.5062	-0.1452
2.4942	-0.1453
2.4825	-0.1461
2.4711	-0.1472
2.4599	-0.1487
2.4491	-0.1504
2.4386	-0.1518
2.4284	-0.1533
2.4183	-0.1553
2.4084	-0.1575
2.3986	-0.1600
2.3887	-0.1624
2.3789	-0.1648
2.3690	-0.1673
2.3592	-0.1696
2.3492	-0.1719
2.3393	-0.1740
2.3292	-0.1760
2.3191	-0.1778
2.3090	-0.1793
2.2986	-0.1806
2.2882	-0.1821
2.2776	-0.1836
2.2668	-0.1848
2.2558	-0.1859
2.2446	-0.1869
2.2331	-0.1877
2.2215	-0.1884
2.2097	-0.1892
2.1977	-0.1904
2.1856	-0.1913
2.1733	-0.1918
2.1608	-0.1926
2.1481	-0.1933
2.1353	-0.1939
2.1223	-0.1943
2.1091	-0.1946
2.0957	-0.1948
2.0821	-0.1946
2.0684	-0.1945
2.0544	-0.1948
2.0402	-0.1953
2.0260	-0.1959
2.0115	-0.1962
1.9970	-0.1964
1.9823	-0.1965
1.9676	-0.1966
1.9527	-0.1969
1.9377	-0.1974
1.9226	-0.1981
1.9074	-0.1987
1.8921	-0.1989
1.8767	-0.1990
1.8613	-0.1991
1.8457	-0.1992
1.8300	-0.1992
1.8143	-0.1992
1.7985	-0.1992
1.7826	-0.1992
1.7667	-0.1995
1.7507	-0.1997
1.7347	-0.2001
1.7186	-0.2002
1.7025	-0.2003
1.6863	-0.2000
1.6701	-0.1997
1.6538	-0.1994
1.6376	-0.1988
1.6212	-0.1980
1.6048	-0.1976
1.5884	-0.1973
1.5719	-0.1971
1.5553	-0.1970
1.5388	-0.1972
1.5221	-0.1970
1.5055	-0.1968
1.4889	-0.1963
1.4723	-0.1957
1.4558	-0.1949
1.4393	-0.1943
1.4229	-0.1939
1.4066	-0.1933
1.3903	-0.1929
1.3741	-0.1928
1.3580	-0.1931
1.3419	-0.1931
1.3259	-0.1930
1.3099	-0.1928
1.2939	-0.1927
1.2779	-0.1927
1.2619	-0.1928
1.2459	-0.1927
1.2299	-0.1929
1.2140	-0.1929
1.1980	-0.1924
1.1820	-0.1920
1.1660	-0.1918
1.1500	-0.1917
1.1340	-0.1918
1.1180	-0.1920
1.1021	-0.1919
1.0862	-0.1919
1.0704	-0.1917
1.0546	-0.1914
1.0389	-0.1912
1.0233	-0.1913
1.0078	-0.1915
0.9924	-0.1914
0.9771	-0.1913
0.9619	-0.1914
0.9469	-0.1916
0.9319	-0.1915
0.9169	-0.1912
0.9019	-0.1910
0.8869	-0.1909
0.8719	-0.1907
0.8568	-0.1905
0.8415	-0.1904
0.8261	-0.1904
0.8106	-0.1901
0.7950	-0.1898
0.7792	-0.1895
0.7632	-0.1891
0.7471	-0.1886
0.7308	-0.1880
0.7144	-0.1876
0.6979	-0.1872
0.6813	-0.1863
0.6647	-0.1851
0.6480	-0.1842
0.6313	-0.1832
0.6146	-0.1820
0.5979	-0.1809
0.5813	-0.1798
0.5646	-0.1785
0.5480	-0.1773
0.5313	-0.1763
0.5147	-0.1752
0.4981	-0.1740
0.4816	-0.1732
0.4651	-0.1724
0.4488	-0.1713
0.4325	-0.1703
0.4164	-0.1692
0.4004	-0.1682
0.3845	-0.1674
0.3688	-0.1667
0.3531	-0.1662
0.3376	-0.1656
0.3220	-0.1652
0.3065	-0.1648
0.2911	-0.1642
0.2758	-0.1633
0.2606	-0.1625
0.2457	-0.1619
0.2311	-0.1613
0.2167	-0.1608
0.2025	-0.1604
0.1885	-0.1604
0.1747	-0.1607
0.1609	-0.1611
0.1471	-0.1618
0.1334	-0.1621
0.1198	-0.1623
0.1062	-0.1625
0.0927	-0.1625
0.0793	-0.1622
0.0659	-0.1622
0.0527	-0.1622
0.0395	-0.1624
0.0263	-0.1622
0.0132	-0.1620
0.0001	-0.1623
-0.0130	-0.1629
-0.0262	-0.1635
-0.0393	-0.1641
-0.0525	-0.1647
-0.0656	-0.1648
-0.0787	-0.1649
-0.0918	-0.1647
-0.1049	-0.1647
-0.1179	-0.1650
-0.1309	-0.1651
-0.1439	-0.1655
-0.1568	-0.1655
-0.1698	-0.1656
-0.1827	-0.1660
-0.1956	-0.1666
-0.2086	-0.1671
-0.2217	-0.1675
-0.2349	-0.1679
-0.2481	-0.1680
-0.2614	-0.1681
-0.2746	-0.1681
-0.2878	-0.1689
-0.3009	-0.1694
-0.3140	-0.1703
-0.3271	-0.1709
-0.3401	-0.1714
-0.3531	-0.1715
-0.3661	-0.1719
-0.3792	-0.1720
-0.3922	-0.1727
-0.4053	-0.1734
-0.4184	-0.1742
-0.4315	-0.1746
-0.4447	-0.1747
-0.4579	-0.1749
-0.4712	-0.1751
-0.4845	-0.1755
-0.4979	-0.1759
-0.5113	-0.1761
-0.5247	-0.1763
-0.5381	-0.1769
-0.5515	-0.1777
-0.5648	-0.1781
-0.5781	-0.1783
-0.5914	-0.1785
-0.6047	-0.1787
-0.6179	-0.1790
-0.6311	-0.1795
-0.6444	-0.1798
-0.6577	-0.1800
-0.6711	-0.1799
-0.6844	-0.1800
-0.6979	-0.1804
-0.7113	-0.1809
-0.7249	-0.1813
-0.7384	-0.1818
-0.7521	-0.1824
-0.7657	-0.1828
-0.7795	-0.1830
-0.7932	-0.1833
-0.8070	-0.1833
-0.8209	-0.1833
-0.8348	-0.1835
-0.8488	-0.1841
-0.8628	-0.1844
-0.8769	-0.1848
-0.8910	-0.1852
-0.9051	-0.1855
-0.9193	-0.1856
-0.9335	-0.1861
-0.9478	-0.1861
-0.9620	-0.1860
-0.9763	-0.1860
-0.9906	-0.1860
-1.0050	-0.1860
-1.0193	-0.1860
-1.0336	-0.1863
-1.0480	-0.1868
-1.0623	-0.1874
-1.0767	-0.1877
-1.0911	-0.1880
-1.1054	-0.1884
-1.1197	-0.1890
-1.1341	-0.1898
-1.1484	-0.1903
-1.1628	-0.1906
-1.1772	-0.1906
-1.1917	-0.1907
-1.2063	-0.1903
-1.2210	-0.1898
-1.2359	-0.1892
-1.2510	-0.1885
-1.2664	-0.1878
-1.2821	-0.1870
-1.2980	-0.1858
-1.3140	-0.1842
-1.3301	-0.1827
-1.3464	-0.1813
-1.3626	-0.1799
-1.3788	-0.1786
-1.3950	-0.1773
-1.4110	-0.1761
-1.4269	-0.1747
-1.4426	-0.1734
-1.4580	-0.1727
-1.4731	-0.1722
-1.4879	-0.1722
-1.5023	-0.1730
-1.5165	-0.1745
-1.5303	-0.1758
-1.5439	-0.1768
-1.5572	-0.1779
-1.5705	-0.1793
-1.5836	-0.1809
-1.5966	-0.1823
-1.6095	-0.1834
-1.6223	-0.1846
-1.6351	-0.1857
-1.6479	-0.1865
-1.6606	-0.1874
-1.6732	-0.1886
-1.6858	-0.1900
-1.6984	-0.1917
-1.7109	-0.1936
-1.7234	-0.1954
-1.7358	-0.1970
-1.7482	-0.1984
-1.7605	-0.1996
-1.7728	-0.2006
-1.7850	-0.2019
-1.7970	-0.2033
-1.8090	-0.2050
-1.8210	-0.2063
-1.8328	-0.2077
-1.8445	-0.2090
-1.8562	-0.2102
-1.8679	-0.2114
-1.8796	-0.2124
-1.8912	-0.2133
-1.9029	-0.2140
-1.9147	-0.2143
-1.9265	-0.2139
-1.9384	-0.2135
-1.9503	-0.2125
-1.9624	-0.2109
-1.9745	-0.2087
-1.9867	-0.2062
-1.9990	-0.2033
-2.0113	-0.2006
-2.0236	-0.1975
-2.0360	-0.1942
-2.0483	-0.1907
-2.0607	-0.1868
-2.0730	-0.1827
-2.0852	-0.1784
-2.0973	-0.1739
-2.1093	-0.1698
-2.1211	-0.1657
-2.1327	-0.1613
-2.1441	-0.1570
-2.1552	-0.1524
-2.1660	-0.1480
-2.1765	-0.1435
-2.1868	-0.1391
-2.1966	-0.1350
-2.2062	-0.1314
-2.2155	-0.1276
-2.2246	-0.1240
-2.2334	-0.1201
-2.2421	-0.1164
-2.2507	-0.1127
-2.2592	-0.1090
-2.2677	-0.1053
-2.2763	-0.1019
-2.2849	-0.0987
-2.2936	-0.0955
-2.3025	-0.0924
-2.3115	-0.0891
-2.3208	-0.0860
-2.3303	-0.0830
-2.3402	-0.0800
-2.3503	-0.0766
-2.3608	-0.0731
-2.3715	-0.0696
-2.3826	-0.0660
-2.3939	-0.0623
-2.4055	-0.0586
-2.4171	-0.0549
-2.4290	-0.0514
-2.4409	-0.0475
-2.4528	-0.0438
-2.4647	-0.0404
-2.4767	-0.0374
-2.4886	-0.0344
-2.5005	-0.0314
-2.5122	-0.0287
-2.5240	-0.0260
-2.5356	-0.0232
-2.5471	-0.0202
-2.5586	-0.0174
-2.5700	-0.0149
-2.5813	-0.0123
-2.5925	-0.0098
-2.6036	-0.0075
-2.6146	-0.0051
-2.6255	-0.0027
-2.6363	-0.0000
-2.6471	0.0023
-2.6577	0.0046
-2.6682	0.0069
-2.6786	0.0087
-2.6889	0.0105
-2.6991	0.0120
-2.7092	0.0133
-2.7192	0.0147
-2.7291	0.0165
-2.7388	0.0186
-2.7485	0.0206
-2.7580	0.0221
-2.7675	0.0238
-2.7769	0.0255
-2.7862	0.0273
-2.7955	0.0287
-2.8046	0.0302
-2.8138	0.0318
-2.8229	0.0333
-2.8321	0.0349
-2.8412	0.0366
-2.8503	0.0384
-2.8595	0.0402
-2.8687	0.0421
-2.8779	0.0437
-2.8872	0.0455
-2.8965	0.0470
-2.9059	0.0487
-2.9153	0.0505
-2.9247	0.0521
-2.9341	0.0535
-2.9436	0.0550
-2.9530	0.0567
-2.9624	0.0582
-2.9717	0.0598
-2.9810	0.0615
-2.9902	0.0633
-2.9993	0.0649
-3.0084	0.0666
-3.0174	0.0677
-3.0263	0.0687
-3.0351	0.0702
-3.0439	0.0716
-3.0527	0.0730
-3.0614	0.0744
-3.0700	0.0757
-3.0786	0.0772
-3.0872	0.0784
-3.0957	0.0799
-3.1042	0.0809
-3.1127	0.0819
-3.1211	0.0827
-3.1294	0.0836
-3.1378	0.0846
-3.1461	0.0857
-3.1545	0.0864
-3.1628	0.0871
-3.1712	0.0879
-3.1795	0.0886
-3.1879	0.0898
-3.1963	0.0910
-3.2047	0.0921
-3.2131	0.0931
-3.2215	0.0940
-3.2299	0.0949
-3.2383	0.0962
-3.2466	0.0973
-3.2549	0.0984
-3.2632	0.0994
-3.2714	0.1001
-3.2797	0.1009
-3.2878	0.1017
-3.2960	0.1025
-3.3041	0.1029
-3.3121	0.1033
-3.3201	0.1038
-3.3280	0.1046
-3.3360	0.1055
-3.3439	0.1067
-3.3517	0.1079
-3.3596	0.1092
-3.3674	0.1105
-3.3752	0.1120
-3.3830	0.1133
-3.3908	0.1143
-3.3985	0.1153
-3.4063	0.1160
-3.4140	0.1167
-3.4216	0.1175
-3.4293	0.1182
-3.4369	0.1189
-3.4445	0.1197
-3.4521	0.1205
-3.4595	0.1214
-3.4670	0.1222
-3.4743	0.1231
-3.4816	0.1242
-3.4888	0.1253
-3.4959	0.1264
-3.5030	0.1276
-3.5099	0.1284
-3.5167	0.1294
-3.5235	0.1305
-3.5301	0.1312
-3.5367	0.1315
-3.5432	0.1312
-3.5496	0.1313
-3.5560	0.1314
-3.5623	0.1314
-3.5684	0.1314
-3.5745	0.1313
-3.5806	0.1314
-3.5865	0.1320
-3.5923	0.1324
-3.5981	0.1325
-3.6038	0.1325
-3.6094	0.1323
-3.6149	0.1324
-3.6203	0.1326
-3.6257	0.1328
-3.6310	0.1330
-3.6362	0.1330
-3.6413	0.1330
-3.6463	0.1333
-3.6513	0.1334
-3.6562	0.1333
-3.6611	0.1328
-3.6659	0.1326
-3.6706	0.1324
-3.6752	0.1323
-3.6798	0.1324
-3.6844	0.1326
-3.6889	0.1325
-3.6933	0.1323
-3.6977	0.1319
-3.7020	0.1316
-3.7063	0.1316
-3.7106	0.1315
-3.7147	0.1315
-3.7189	0.1317
-3.7230	0.1318
-3.7270	0.1319
-3.7310	0.1319
-3.7350	0.1319
-3.7389	0.1317
-3.7428	0.1315
-3.7467	0.1311
-3.7505	0.1307
-3.7544	0.1299
-3.7581	0.1293
-3.7619	0.1288
-3.7656	0.1287
-3.7693	0.1285
-3.7730	0.1283
-3.7767	0.1283
-3.7803	0.1283
-3.7839	0.1281
-3.7874	0.1279
-3.7910	0.1278
-3.7945	0.1278
-3.7980	0.1275
-3.8015	0.1271
-3.8049	0.1266
-3.8084	0.1261
-3.8118	0.1258
-3.8152	0.1257
-3.8186	0.1257
-3.8219	0.1255
-3.8252	0.1255
-3.8285	0.1257
-3.8317	0.1258
-3.8349	0.1256
-3.8381	0.1253
-3.8413	0.1250
-3.8445	0.1248
-3.8476	0.1247
-3.8507	0.1248
-3.8537	0.1251
-3.8568	0.1254
-3.8598	0.1255
-3.8627	0.1250
-3.8656	0.1245
-3.8686	0.1241
-3.8715	0.1236
-3.8744	0.1230
-3.8773	0.1224
-3.8802	0.1218
-3.8831	0.1212
-3.8860	0.1206
-3.8888	0.1199
-3.8917	0.1195
-3.8945	0.1195
-3.8973	0.1197
-3.9001	0.1201
-3.9028	0.1201
-3.9055	0.1201
-3.9082	0.1199
-3.9108	0.1196
-3.9134	0.1193
-3.9160	0.1187
-3.9186	0.1180
-3.9212	0.1175
-3.9238	0.1176
-3.9263	0.1177
-3.9289	0.1178
-3.9315	0.1177
-3.9341	0.1179
-3.9367	0.1182
-3.9393	0.1181
-3.9420	0.1182
-3.9446	0.1185
-3.9473	0.1188
-3.9499	0.1194
-3.9526	0.1197
-3.9553	0.1203
-3.9580	0.1206
-3.9607	0.1206
-3.9635	0.1210
-3.9663	0.1215
-3.9692	0.1220
-3.9721	0.1222
-3.9751	0.1222
-3.9781	0.1224
-3.9813	0.1231
-3.9845	0.1240
-3.9878	0.1251
-3.9912	0.1262
-3.9947	0.1274
-3.9982	0.1288
-4.0018	0.1303
-4.0054	0.1313
-4.0090	0.1318
-4.0126	0.1322
-4.0161	0.1331
-4.0194	0.1339
-4.0227	0.1349
-4.0257	0.1359
-4.0285	0.1371
-4.0311	0.1382
-4.0336	0.1391
-4.0358	0.1400
-4.0378	0.1427
-4.0394	0.1483
-4.0407	0.1541
-4.0416	0.1568
-4.0422	0.1565
-4.0424	0.1568
-4.0422	0.1582
-4.0416	0.1587
-4.0406	0.1579
-4.0392	0.1563
-4.0373	0.1552
-4.0351	0.1542
-4.0326	0.1528
-4.0297	0.1514
-4.0265	0.1504
-4.0230	0.1494
-4.0192	0.1484
-4.0152	0.1470
-4.0111	0.1454
-4.0067	0.1439
-4.0021	0.1427
-3.9974	0.1412
-3.9925	0.1397
-3.9876	0.1381
-3.9825	0.1367
-3.9773	0.1353
-3.9720	0.1341
-3.9667	0.1331
-3.9613	0.1320
-3.9558	0.1311
-3.9503	0.1300
-3.9447	0.1293
-3.9392	0.1284
-3.9336	0.1275
-3.9280	0.1264
-3.9225	0.1254
-3.9169	0.1246
-3.9114	0.1236
-3.9059	0.1226
-3.9003	0.1219
-3.8948	0.1212
-3.8893	0.1200
-3.8837	0.1189
-3.8782	0.1181
-3.8727	0.1173
-3.8671	0.1167
-3.8616	0.1159
-3.8560	0.1151
-3.8503	0.1146
-3.8447	0.1137
-3.8390	0.1129
-3.8333	0.1122
-3.8276	0.1111
-3.8219	0.1099
-3.8162	0.1085
-3.8104	0.1075
-3.8047	0.1065
-3.7989	0.1056
-3.7932	0.1049
-3.7875	0.1041
-3.7818	0.1032
-3.7762	0.1023
-3.7705	0.1017
-3.7650	0.1010
-3.7594	0.1001
-3.7538	0.0995
-3.7483	0.0991
-3.7428	0.0984
-3.7372	0.0979
-3.7317	0.0975
-3.7261	0.0971
-3.7205	0.0966
-3.7148	0.0960
-3.7091	0.0951
-3.7033	0.0939
-3.6975	0.0932
-3.6916	0.0931
-3.6857	0.0928
-3.6798	0.0922
-3.6739	0.0918
-3.6680	0.0912
-3.6621	0.0904
-3.6562	0.0894
-3.6503	0.0883
-3.6444	0.0874
-3.6385	0.0867
-3.6325	0.0860
-3.6264	0.0852
-3.6202	0.0844
-3.6139	0.0833
-3.6075	0.0823
-3.6009	0.0811
-3.5942	0.0797
-3.5874	0.0785
-3.5804	0.0773
-3.5733	0.0765
-3.5662	0.0757
-3.5589	0.0749
-3.5516	0.0742
-3.5442	0.0733
-3.5369	0.0727
-3.5296	0.0720
-3.5224	0.0711
-3.5152	0.0698
-3.5081	0.0682
-3.5011	0.0668
-3.4941	0.0655
-3.4872	0.0646
-3.4804	0.0639
-3.4735	0.0633
-3.4667	0.0630
-3.4599	0.0627
-3.4531	0.0619
-3.4462	0.0612
-3.4394	0.0607
-3.4325	0.0601
-3.4256	0.0600
-3.4187	0.0596
-3.4118	0.0591
-3.4048	0.0587
-3.3978	0.0582
-3.3908	0.0577
-3.3838	0.0572
-3.3768	0.0567
-3.3697	0.0563
-3.3626	0.0561
-3.3555	0.0558
-3.3484	0.0552
-3.3413	0.0546
-3.3342	0.0542
-3.3270	0.0537
-3.3198	0.0536
-3.3126	0.0535
-3.3053	0.0529
-3.2980	0.0524
-3.2906	0.0518
-3.2832	0.0513
-3.2757	0.0512
-3.2681	0.0511
-3.2605	0.0508
-3.2528	0.0504
-3.2449	0.0503
-3.2370	0.0502
-3.2290	0.0503
-3.2208	0.0498
-3.2126	0.0491
-3.2043	0.0485
-3.1959	0.0483
-3.1874	0.0478
-3.1789	0.0471
-3.1702	0.0463
-3.1615	0.0459
-3.1526	0.0454
-3.1437	0.0452
-3.1347	0.0448
-3.1256	0.0444
-3.1165	0.0439
-3.1074	0.0433
-3.0981	0.0428
-3.0889	0.0420
-3.0796	0.0413
-3.0702	0.0407
-3.0607	0.0400
-3.0512	0.0392
-3.0416	0.0387
-3.0320	0.0380
-3.0222	0.0372
-3.0124	0.0363
-3.0026	0.0359
-2.9927	0.0357
-2.9827	0.0354
-2.9727	0.0350
-2.9627	0.0344
-2.9526	0.0338
-2.9426	0.0334
-2.9325	0.0326
-2.9224	0.0320
-2.9124	0.0314
-2.9023	0.0307
-2.8922	0.0302
-2.8821	0.0299
-2.8720	0.0301
-2.8619	0.0301
-2.8518	0.0298
-2.8417	0.0294
-2.8316	0.0290
-2.8214	0.0287
-2.8112	0.0285
-2.8010	0.0281
-2.7907	0.0283
-2.7804	0.0284
-2.7700	0.0282
-2.7596	0.0276
-2.7491	0.0270
-2.7385	0.0265
-2.7279	0.0259
-2.7172	0.0253
-2.7064	0.0245
-2.6954	0.0234
-2.6841	0.0220
-2.6726	0.0210
-2.6609	0.0201
-2.6490	0.0190
-2.6369	0.0178
-2.6246	0.0165
-2.6121	0.0149
-2.5996	0.0132
-2.5870	0.0117
-2.5744	0.0101
-2.5618	0.0086
-2.5492	0.0074
-2.5366	0.0066
-2.5242	0.0058
-2.5120	0.0052
-2.5000	0.0048
-2.4883	0.0045
-2.4770	0.0046
-2.4659	0.0050
-2.4552	0.0056
-2.4449	0.0061
-2.4348	0.0068
-2.4250	0.0082
-2.4154	0.0097
-2.4059	0.0113
-2.3964	0.0130
-2.3869	0.0145
-2.3773	0.0160
-2.3677	0.0174
-2.3580	0.0185
-2.3482	0.0197
-2.3382	0.0210
-2.3282	0.0221
-2.3180	0.0230
-2.3076	0.0239
-2.2971	0.0247
-2.2864	0.0247
-2.2756	0.0251
-2.2646	0.0253
-2.2535	0.0256
-2.2421	0.0260
-2.2306	0.0260
-2.2189	0.0260
