-1.5394	0.0573
-1.5253	0.0459
-1.5116	0.0470
-1.4981	0.0479
-1.4850	0.0487
-1.4722	0.0497
-1.4597	0.0504
-1.4475	0.0513
-1.4356	0.0525
-1.4239	0.0540
-1.4124	0.0553
-1.4012	0.0569
-1.3901	0.0581
-1.3791	0.0589
-1.3683	0.0599
-1.3577	0.0612
-1.3471	0.0626
-1.3367	0.0640
-1.3263	0.0656
-1.3160	0.0666
-1.3058	0.0681
-1.2957	0.0696
-1.2856	0.0715
-1.2756	0.0729
-1.2657	0.0742
-1.2559	0.0751
-1.2461	0.0761
-1.2364	0.0770
-1.2268	0.0783
-1.2173	0.0794
-1.2077	0.0806
-1.1982	0.0817
-1.1888	0.0825
-1.1793	0.0837
-1.1698	0.0850
-1.1604	0.0862
-1.1509	0.0873
-1.1415	0.0888
-1.1320	0.0899
-1.1226	0.0913
-1.1131	0.0929
-1.1036	0.0947
-1.0941	0.0966
-1.0846	0.0979
-1.0751	0.0993
-1.0655	0.1007
-1.0560	0.1022
-1.0464	0.1037
-1.0368	0.1053
-1.0272	0.1073
-1.0176	0.1096
-1.0080	0.1116
-0.9984	0.1138
-0.9887	0.1158
-0.9791	0.1182
-0.9695	0.1206
-0.9598	0.1236
-0.9502	0.1265
-0.9406	0.1296
-0.9309	0.1332
-0.9213	0.1369
-0.9116	0.1406
-0.9019	0.1450
-0.8921	0.1495
-0.8823	0.1547
-0.8725	0.1591
-0.8626	0.1636
-0.8526	0.1686
-0.8426	0.1738
-0.8324	0.1792
-0.8222	0.1842
-0.8118	0.1889
-0.8012	0.1934
-0.7904	0.1977
-0.7794	0.2019
-0.7681	0.2055
-0.7564	0.2085
-0.7444	0.2113
-0.7321	0.2138
-0.7195	0.2159
-0.7067	0.2175
-0.6937	0.2189
-0.6805	0.2201
-0.6671	0.2207
-0.6537	0.2204
-0.6403	0.2196
-0.6269	0.2184
-0.6135	0.2164
-0.6003	0.2139
-0.5873	0.2110
-0.5746	0.2072
-0.5621	0.2024
-0.5499	0.1970
-0.5379	0.1908
-0.5262	0.1839
-0.5147	0.1757
-0.5034	0.1667
-0.4922	0.1571
-0.4811	0.1470
-0.4702	0.1365
-0.4592	0.1260
-0.4484	0.1157
-0.4377	0.1060
-0.4270	0.0972
-0.4164	0.0891
-0.4058	0.0821
-0.3953	0.0770
-0.3849	0.0736
-0.3746	0.0719
-0.3643	0.0720
-0.3540	0.0733
-0.3438	0.0758
-0.3337	0.0788
-0.3235	0.0824
-0.3135	0.0863
-0.3035	0.0898
-0.2935	0.0926
-0.2835	0.0949
-0.2736	0.0961
-0.2636	0.0958
-0.2536	0.0944
-0.2435	0.0919
-0.2334	0.0885
-0.2232	0.0848
-0.2129	0.0813
-0.2025	0.0782
-0.1920	0.0766
-0.1814	0.0754
-0.1706	0.0754
-0.1597	0.0755
-0.1488	0.0757
-0.1377	0.0756
-0.1266	0.0749
-0.1154	0.0736
-0.1042	0.0723
-0.0930	0.0706
-0.0818	0.0685
-0.0706	0.0661
-0.0595	0.0645
-0.0485	0.0639
-0.0376	0.0640
-0.0269	0.0645
-0.0163	0.0655
-0.0059	0.0660
0.0043	0.0659
0.0142	0.0659
0.0239	0.0657
0.0333	0.0658
0.0424	0.0662
0.0513	0.0674
0.0600	0.0683
0.0685	0.0692
0.0767	0.0700
0.0848	0.0707
0.0928	0.0713
0.1007	0.0714
0.1085	0.0709
0.1162	0.0709
0.1239	0.0711
0.1317	0.0716
0.1395	0.0723
0.1474	0.0727
0.1554	0.0731
0.1636	0.0728
0.1720	0.0723
0.1806	0.0716
0.1895	0.0706
0.1985	0.0696
0.2078	0.0682
0.2173	0.0673
0.2270	0.0658
0.2368	0.0643
0.2469	0.0629
0.2570	0.0616
0.2673	0.0601
0.2776	0.0587
0.2881	0.0575
0.2987	0.0563
0.3093	0.0546
0.3200	0.0534
0.3307	0.0523
0.3415	0.0510
0.3523	0.0497
0.3631	0.0490
0.3739	0.0483
0.3847	0.0480
0.3956	0.0474
0.4064	0.0467
0.4172	0.0461
0.4279	0.0454
0.4387	0.0444
0.4493	0.0432
0.4599	0.0420
0.4703	0.0410
0.4808	0.0405
0.4911	0.0400
0.5013	0.0394
0.5115	0.0393
0.5216	0.0391
0.5316	0.0389
0.5415	0.0386
0.5514	0.0387
0.5612	0.0388
0.5710	0.0387
0.5807	0.0384
0.5903	0.0379
0.6000	0.0375
0.6096	0.0371
0.6191	0.0369
0.6287	0.0365
0.6383	0.0358
0.6479	0.0352
0.6575	0.0342
0.6672	0.0334
0.6769	0.0326
0.6866	0.0317
0.6963	0.0309
0.7061	0.0304
0.7159	0.0295
0.7257	0.0287
0.7355	0.0279
0.7454	0.0272
0.7552	0.0265
0.7649	0.0260
0.7747	0.0256
0.7844	0.0250
0.7940	0.0243
0.8035	0.0240
0.8130	0.0237
0.8225	0.0233
0.8318	0.0230
0.8412	0.0226
0.8504	0.0221
0.8596	0.0219
0.8688	0.0218
0.8780	0.0215
0.8871	0.0211
0.8962	0.0206
0.9052	0.0201
0.9143	0.0199
0.9233	0.0199
0.9322	0.0194
0.9412	0.0192
0.9501	0.0191
0.9590	0.0188
0.9678	0.0184
0.9767	0.0183
0.9856	0.0183
0.9944	0.0182
1.0033	0.0177
1.0122	0.0174
1.0211	0.0173
1.0299	0.0168
1.0388	0.0163
1.0477	0.0161
1.0566	0.0154
1.0655	0.0148
1.0744	0.0143
1.0833	0.0140
1.0923	0.0134
1.1012	0.0127
1.1101	0.0120
1.1191	0.0113
1.1280	0.0108
1.1369	0.0103
1.1459	0.0098
1.1548	0.0093
1.1638	0.0087
1.1727	0.0081
1.1817	0.0076
1.1907	0.0070
1.1997	0.0060
1.2088	0.0052
1.2178	0.0046
1.2269	0.0044
1.2361	0.0042
1.2453	0.0041
1.2545	0.0039
1.2638	0.0035
1.2731	0.0032
1.2825	0.0031
1.2919	0.0022
1.3014	0.0016
1.3108	0.0010
1.3203	0.0005
1.3298	0.0000
1.3392	-0.0006
1.3487	-0.0013
1.3581	-0.0018
1.3674	-0.0024
1.3768	-0.0030
1.3860	-0.0039
1.3953	-0.0042
1.4045	-0.0041
1.4136	-0.0039
1.4227	-0.0039
1.4318	-0.0043
1.4408	-0.0047
1.4498	-0.0056
1.4587	-0.0064
1.4676	-0.0067
1.4764	-0.0070
1.4852	-0.0076
1.4940	-0.0079
1.5027	-0.0078
1.5114	-0.0075
1.5200	-0.0075
1.5285	-0.0074
1.5370	-0.0077
1.5454	-0.0080
1.5538	-0.0083
1.5621	-0.0091
1.5704	-0.0095
1.5786	-0.0099
1.5868	-0.0100
1.5949	-0.0104
1.6029	-0.0108
1.6109	-0.0111
1.6188	-0.0113
1.6267	-0.0112
1.6345	-0.0112
1.6422	-0.0111
1.6499	-0.0111
1.6576	-0.0114
1.6652	-0.0118
1.6727	-0.0121
1.6802	-0.0125
1.6877	-0.0127
1.6950	-0.0130
1.7024	-0.0132
1.7096	-0.0140
1.7168	-0.0146
1.7240	-0.0152
1.7312	-0.0160
1.7383	-0.0167
1.7453	-0.0168
1.7523	-0.0170
1.7593	-0.0168
1.7663	-0.0167
1.7732	-0.0164
1.7801	-0.0163
1.7869	-0.0162
1.7938	-0.0159
1.8006	-0.0155
1.8074	-0.0153
1.8141	-0.0156
1.8208	-0.0160
1.8275	-0.0160
1.8342	-0.0164
1.8408	-0.0171
1.8474	-0.0175
1.8540	-0.0177
1.8606	-0.0175
1.8671	-0.0177
1.8736	-0.0180
1.8801	-0.0183
1.8866	-0.0187
1.8931	-0.0195
1.8995	-0.0204
1.9059	-0.0207
1.9123	-0.0215
1.9186	-0.0219
1.9250	-0.0227
1.9313	-0.0232
1.9375	-0.0237
1.9438	-0.0239
1.9500	-0.0240
1.9562	-0.0243
1.9624	-0.0248
1.9685	-0.0256
1.9746	-0.0261
1.9807	-0.0262
1.9867	-0.0262
1.9928	-0.0260
1.9988	-0.0259
2.0049	-0.0259
2.0109	-0.0258
2.0169	-0.0256
2.0230	-0.0257
2.0290	-0.0256
2.0351	-0.0254
2.0411	-0.0250
2.0472	-0.0246
2.0532	-0.0246
2.0593	-0.0252
2.0653	-0.0259
2.0713	-0.0267
2.0773	-0.0276
2.0832	-0.0283
2.0892	-0.0287
2.0952	-0.0289
2.1011	-0.0292
2.1071	-0.0295
2.1132	-0.0298
2.1192	-0.0302
2.1253	-0.0305
2.1315	-0.0305
2.1377	-0.0309
2.1439	-0.0317
2.1502	-0.0325
2.1566	-0.0338
2.1630	-0.0348
2.1695	-0.0357
2.1760	-0.0364
2.1826	-0.0371
2.1894	-0.0374
2.1962	-0.0380
2.2031	-0.0387
2.2102	-0.0395
2.2174	-0.0403
2.2247	-0.0414
2.2322	-0.0426
2.2399	-0.0438
2.2478	-0.0450
2.2559	-0.0465
2.2642	-0.0480
2.2727	-0.0495
2.2815	-0.0512
2.2905	-0.0527
2.2998	-0.0546
2.3093	-0.0568
2.3190	-0.0589
2.3288	-0.0607
2.3389	-0.0625
2.3491	-0.0639
2.3594	-0.0655
2.3698	-0.0671
2.3802	-0.0688
2.3906	-0.0708
2.4011	-0.0733
2.4115	-0.0756
2.4219	-0.0787
2.4323	-0.0827
2.4425	-0.0875
2.4526	-0.0923
2.4626	-0.0960
2.4723	-0.0981
2.4819	-0.0995
2.4912	-0.1007
2.5002	-0.1016
2.5089	-0.1021
2.5174	-0.1023
2.5255	-0.1021
2.5333	-0.1019
2.5409	-0.1016
2.5481	-0.1012
2.5551	-0.1013
2.5618	-0.1012
2.5682	-0.1007
2.5745	-0.1004
2.5804	-0.1000
2.5863	-0.0998
2.5918	-0.0991
2.5973	-0.0988
2.6025	-0.0986
2.6076	-0.0987
2.6125	-0.0987
2.6173	-0.0991
2.6219	-0.0992
2.6264	-0.0993
2.6307	-0.0992
2.6350	-0.0994
2.6391	-0.0996
2.6431	-0.0996
2.6471	-0.0992
2.6509	-0.0990
2.6547	-0.0989
2.6583	-0.0986
2.6619	-0.0984
2.6654	-0.0980
2.6688	-0.0976
2.6722	-0.0974
2.6754	-0.0972
2.6786	-0.0970
2.6817	-0.0969
2.6847	-0.0970
2.6876	-0.0970
2.6905	-0.0968
2.6932	-0.0965
2.6959	-0.0963
2.6985	-0.0963
2.7010	-0.0970
2.7034	-0.0974
2.7058	-0.0981
2.7081	-0.0985
2.7104	-0.0985
2.7126	-0.0986
2.7148	-0.0988
2.7169	-0.0991
2.7190	-0.0995
2.7211	-0.0998
2.7232	-0.0997
2.7253	-0.0998
2.7273	-0.0999
2.7293	-0.0999
2.7313	-0.1002
2.7333	-0.1004
2.7352	-0.1007
2.7372	-0.1010
2.7391	-0.1011
2.7409	-0.1010
2.7428	-0.1012
2.7446	-0.1014
2.7464	-0.1017
2.7482	-0.1017
2.7499	-0.1020
2.7517	-0.1029
2.7534	-0.1037
2.7550	-0.1043
2.7566	-0.1047
2.7581	-0.1053
2.7595	-0.1054
2.7609	-0.1054
2.7622	-0.1056
2.7633	-0.1060
2.7644	-0.1060
2.7654	-0.1059
2.7663	-0.1055
2.7671	-0.1052
2.7679	-0.1051
2.7686	-0.1052
2.7692	-0.1055
2.7697	-0.1059
2.7702	-0.1063
2.7707	-0.1064
2.7712	-0.1065
2.7716	-0.1067
2.7720	-0.1071
2.7724	-0.1072
2.7728	-0.1076
2.7732	-0.1083
2.7736	-0.1086
2.7741	-0.1089
2.7746	-0.1092
2.7752	-0.1094
2.7758	-0.1095
2.7765	-0.1100
2.7772	-0.1100
2.7780	-0.1102
2.7789	-0.1105
2.7797	-0.1107
2.7806	-0.1111
2.7815	-0.1117
2.7823	-0.1125
2.7832	-0.1133
2.7840	-0.1139
2.7848	-0.1146
2.7856	-0.1155
2.7864	-0.1163
2.7872	-0.1168
2.7880	-0.1175
2.7888	-0.1182
2.7896	-0.1187
2.7904	-0.1189
2.7912	-0.1188
2.7921	-0.1190
2.7929	-0.1194
2.7938	-0.1196
2.7946	-0.1204
2.7955	-0.1207
2.7963	-0.1210
2.7971	-0.1211
2.7978	-0.1215
2.7986	-0.1223
2.7993	-0.1235
2.7999	-0.1245
2.8005	-0.1252
2.8011	-0.1251
2.8016	-0.1255
2.8021	-0.1258
2.8025	-0.1258
2.8029	-0.1257
2.8032	-0.1260
2.8034	-0.1261
2.8036	-0.1264
2.8037	-0.1266
2.8038	-0.1269
2.8038	-0.1270
2.8038	-0.1267
2.8038	-0.1264
2.8037	-0.1265
2.8036	-0.1270
2.8034	-0.1275
2.8032	-0.1279
2.8029	-0.1283
2.8025	-0.1286
2.8021	-0.1287
2.8016	-0.1285
2.8011	-0.1285
2.8005	-0.1284
2.7998	-0.1282
2.7991	-0.1281
2.7982	-0.1280
2.7973	-0.1281
2.7964	-0.1277
2.7953	-0.1274
2.7942	-0.1275
2.7930	-0.1276
2.7917	-0.1278
2.7903	-0.1278
2.7888	-0.1280
2.7872	-0.1282
2.7856	-0.1285
2.7839	-0.1281
2.7821	-0.1278
2.7803	-0.1274
2.7785	-0.1272
2.7766	-0.1272
2.7748	-0.1275
2.7729	-0.1276
2.7711	-0.1279
2.7693	-0.1284
2.7674	-0.1289
2.7656	-0.1291
2.7639	-0.1294
2.7621	-0.1300
2.7603	-0.1306
2.7586	-0.1313
2.7568	-0.1317
2.7551	-0.1321
2.7533	-0.1324
2.7515	-0.1328
2.7497	-0.1336
2.7479	-0.1342
2.7461	-0.1349
2.7442	-0.1357
2.7422	-0.1360
2.7401	-0.1356
2.7380	-0.1353
2.7356	-0.1350
2.7330	-0.1346
2.7302	-0.1339
2.7271	-0.1330
2.7237	-0.1322
2.7200	-0.1313
2.7161	-0.1304
2.7120	-0.1303
2.7077	-0.1294
2.7034	-0.1281
2.6989	-0.1270
2.6945	-0.1264
2.6901	-0.1255
2.6857	-0.1246
2.6813	-0.1240
2.6771	-0.1236
2.6731	-0.1233
2.6693	-0.1234
2.6658	-0.1241
2.6625	-0.1251
2.6596	-0.1261
2.6570	-0.1273
2.6547	-0.1286
2.6526	-0.1298
2.6509	-0.1316
2.6493	-0.1337
2.6479	-0.1356
2.6466	-0.1373
2.6454	-0.1393
2.6444	-0.1410
2.6434	-0.1428
2.6424	-0.1442
2.6416	-0.1459
2.6409	-0.1476
2.6402	-0.1489
2.6395	-0.1499
2.6389	-0.1508
2.6383	-0.1519
2.6376	-0.1527
2.6368	-0.1539
2.6360	-0.1547
2.6351	-0.1555
2.6340	-0.1562
2.6329	-0.1567
2.6317	-0.1571
2.6303	-0.1574
2.6289	-0.1574
2.6274	-0.1576
2.6259	-0.1576
2.6242	-0.1577
2.6225	-0.1577
2.6207	-0.1579
2.6188	-0.1581
2.6168	-0.1580
2.6146	-0.1580
2.6124	-0.1578
2.6100	-0.1576
2.6075	-0.1574
2.6049	-0.1570
2.6022	-0.1565
2.5994	-0.1562
2.5965	-0.1559
2.5935	-0.1559
2.5903	-0.1556
2.5870	-0.1556
2.5836	-0.1557
2.5800	-0.1562
2.5763	-0.1566
2.5725	-0.1570
2.5685	-0.1572
2.5643	-0.1573
2.5601	-0.1570
2.5556	-0.1569
2.5511	-0.1563
2.5463	-0.1556
2.5415	-0.1550
2.5365	-0.1544
2.5313	-0.1539
2.5260	-0.1536
2.5206	-0.1530
2.5150	-0.1522
2.5093	-0.1509
2.5034	-0.1496
2.4974	-0.1484
2.4913	-0.1470
2.4850	-0.1459
2.4786	-0.1451
2.4720	-0.1441
2.4653	-0.1433
2.4585	-0.1424
2.4516	-0.1416
2.4446	-0.1404
2.4376	-0.1392
2.4305	-0.1383
2.4234	-0.1374
2.4162	-0.1363
2.4091	-0.1354
2.4020	-0.1343
2.3948	-0.1335
2.3877	-0.1328
2.3806	-0.1324
2.3734	-0.1321
2.3662	-0.1317
2.3590	-0.1312
2.3518	-0.1306
2.3446	-0.1301
2.3373	-0.1297
2.3300	-0.1293
2.3226	-0.1287
2.3152	-0.1281
2.3077	-0.1280
2.3001	-0.1275
2.2925	-0.1268
2.2848	-0.1258
2.2770	-0.1249
2.2692	-0.1244
2.2613	-0.1240
2.2533	-0.1233
2.2453	-0.1232
2.2373	-0.1227
2.2293	-0.1223
2.2213	-0.1217
2.2133	-0.1213
2.2053	-0.1212
2.1974	-0.1212
2.1894	-0.1209
2.1814	-0.1205
2.1734	-0.1204
2.1653	-0.1202
2.1572	-0.1197
2.1489	-0.1191
2.1405	-0.1186
2.1321	-0.1181
2.1235	-0.1175
2.1147	-0.1164
2.1058	-0.1154
2.0967	-0.1145
2.0875	-0.1137
2.0780	-0.1124
2.0685	-0.1110
2.0587	-0.1098
2.0488	-0.1085
2.0388	-0.1069
2.0287	-0.1050
2.0184	-0.1034
2.0080	-0.1017
1.9976	-0.1002
1.9870	-0.0987
1.9764	-0.0971
1.9656	-0.0954
1.9549	-0.0934
1.9440	-0.0917
1.9331	-0.0908
1.9221	-0.0898
1.9110	-0.0887
1.8999	-0.0877
1.8888	-0.0866
1.8777	-0.0856
1.8666	-0.0848
1.8554	-0.0838
1.8443	-0.0827
1.8331	-0.0815
1.8220	-0.0804
1.8108	-0.0792
1.7997	-0.0779
1.7885	-0.0767
1.7773	-0.0756
1.7662	-0.0749
1.7552	-0.0743
1.7444	-0.0739
1.7337	-0.0729
1.7234	-0.0719
1.7132	-0.0709
1.7034	-0.0705
1.6936	-0.0701
1.6841	-0.0699
1.6745	-0.0701
1.6651	-0.0699
1.6556	-0.0696
1.6462	-0.0692
1.6368	-0.0687
1.6274	-0.0685
1.6181	-0.0682
1.6088	-0.0680
1.5996	-0.0676
1.5904	-0.0676
1.5812	-0.0677
1.5721	-0.0675
1.5630	-0.0669
1.5539	-0.0661
1.5448	-0.0656
1.5358	-0.0650
1.5267	-0.0644
1.5177	-0.0635
1.5088	-0.0627
1.4999	-0.0620
1.4911	-0.0612
1.4824	-0.0603
1.4737	-0.0596
1.4651	-0.0593
1.4565	-0.0589
1.4481	-0.0581
1.4396	-0.0570
1.4312	-0.0557
1.4228	-0.0547
1.4143	-0.0543
1.4058	-0.0535
1.3973	-0.0530
1.3889	-0.0523
1.3805	-0.0513
1.3722	-0.0506
1.3640	-0.0499
1.3558	-0.0491
1.3477	-0.0488
1.3396	-0.0483
1.3315	-0.0478
1.3235	-0.0475
1.3155	-0.0471
1.3075	-0.0467
1.2995	-0.0461
1.2915	-0.0454
1.2834	-0.0445
1.2753	-0.0438
1.2671	-0.0431
1.2588	-0.0423
1.2505	-0.0412
1.2421	-0.0400
1.2337	-0.0389
1.2254	-0.0380
1.2170	-0.0370
1.2086	-0.0360
1.2003	-0.0348
1.1921	-0.0337
1.1838	-0.0325
1.1756	-0.0311
1.1674	-0.0296
1.1592	-0.0282
1.1510	-0.0266
1.1427	-0.0252
1.1344	-0.0242
1.1261	-0.0232
1.1177	-0.0220
1.1093	-0.0213
1.1009	-0.0206
1.0924	-0.0193
1.0838	-0.0181
1.0752	-0.0168
1.0666	-0.0153
1.0579	-0.0140
1.0491	-0.0126
1.0403	-0.0112
1.0315	-0.0099
1.0226	-0.0088
1.0137	-0.0078
1.0047	-0.0063
0.9957	-0.0048
0.9866	-0.0035
0.9775	-0.0025
0.9683	-0.0015
0.9591	-0.0001
0.9498	0.0008
0.9405	0.0026
0.9312	0.0046
0.9218	0.0065
0.9124	0.0083
0.9029	0.0100
0.8935	0.0118
0.8840	0.0136
0.8745	0.0152
0.8650	0.0171
0.8555	0.0186
0.8459	0.0206
0.8363	0.0226
0.8266	0.0246
0.8170	0.0263
0.8072	0.0282
0.7973	0.0305
0.7872	0.0328
0.7769	0.0353
0.7663	0.0380
0.7554	0.0414
0.7442	0.0450
0.7326	0.0489
0.7207	0.0530
0.7085	0.0571
0.6961	0.0609
0.6834	0.0646
0.6706	0.0681
0.6578	0.0717
0.6448	0.0753
0.6319	0.0788
0.6190	0.0825
0.6062	0.0860
0.5936	0.0891
0.5813	0.0918
0.5692	0.0939
0.5574	0.0957
0.5459	0.0977
0.5346	0.0993
0.5235	0.1009
0.5126	0.1027
0.5019	0.1045
0.4912	0.1066
0.4806	0.1088
0.4701	0.1106
0.4596	0.1127
0.4491	0.1151
0.4386	0.1180
0.4281	0.1209
0.4176	0.1239
0.4070	0.1271
0.3965	0.1303
0.3859	0.1332
0.3754	0.1359
0.3648	0.1385
0.3543	0.1412
0.3437	0.1435
0.3332	0.1454
0.3228	0.1468
0.3124	0.1478
0.3020	0.1486
0.2918	0.1489
0.2816	0.1488
0.2715	0.1488
0.2614	0.1486
0.2514	0.1479
0.2414	0.1467
0.2313	0.1450
0.2213	0.1429
0.2113	0.1403
0.2012	0.1374
0.1910	0.1343
0.1808	0.1311
0.1704	0.1282
0.1600	0.1251
0.1495	0.1218
0.1389	0.1180
0.1282	0.1140
0.1173	0.1094
0.1064	0.1052
0.0954	0.1007
0.0843	0.0961
0.0732	0.0915
0.0620	0.0868
0.0509	0.0824
0.0399	0.0784
0.0289	0.0742
0.0181	0.0705
0.0075	0.0668
-0.0030	0.0628
-0.0131	0.0587
-0.0231	0.0549
-0.0327	0.0517
-0.0421	0.0485
-0.0511	0.0455
-0.0599	0.0425
-0.0684	0.0400
-0.0767	0.0376
-0.0848	0.0351
-0.0928	0.0326
-0.1006	0.0301
-0.1084	0.0280
-0.1161	0.0263
-0.1238	0.0252
-0.1315	0.0241
-0.1392	0.0229
-0.1471	0.0221
-0.1551	0.0217
-0.1634	0.0211
-0.1719	0.0204
-0.1806	0.0203
-0.1896	0.0204
-0.1990	0.0210
-0.2086	0.0220
-0.2184	0.0233
-0.2285	0.0245
-0.2388	0.0259
-0.2493	0.0272
-0.2600	0.0279
-0.2707	0.0285
-0.2816	0.0297
-0.2925	0.0304
-0.3034	0.0312
-0.3143	0.0316
-0.3253	0.0322
-0.3362	0.0327
-0.3471	0.0336
-0.3580	0.0344
-0.3688	0.0351
-0.3795	0.0352
-0.3903	0.0354
-0.4009	0.0356
-0.4116	0.0360
-0.4222	0.0363
-0.4327	0.0365
-0.4432	0.0364
-0.4536	0.0362
-0.4640	0.0361
-0.4743	0.0356
-0.4845	0.0352
-0.4947	0.0350
-0.5048	0.0346
-0.5149	0.0340
-0.5249	0.0337
-0.5348	0.0332
-0.5447	0.0327
-0.5545	0.0319
-0.5643	0.0315
-0.5740	0.0311
-0.5836	0.0305
-0.5932	0.0301
-0.6028	0.0300
-0.6123	0.0295
-0.6218	0.0290
-0.6313	0.0289
-0.6408	0.0288
-0.6503	0.0289
-0.6599	0.0287
-0.6694	0.0286
-0.6790	0.0283
-0.6887	0.0281
-0.6984	0.0279
-0.7081	0.0277
-0.7179	0.0276
-0.7277	0.0273
-0.7375	0.0274
-0.7474	0.0275
-0.7572	0.0279
-0.7670	0.0284
-0.7768	0.0291
-0.7865	0.0292
-0.7962	0.0288
-0.8058	0.0281
-0.8154	0.0275
-0.8248	0.0272
-0.8343	0.0268
-0.8436	0.0266
-0.8529	0.0264
-0.8622	0.0267
-0.8714	0.0270
-0.8806	0.0271
-0.8898	0.0270
-0.8989	0.0269
-0.9080	0.0267
-0.9170	0.0264
-0.9260	0.0263
-0.9350	0.0256
-0.9439	0.0247
-0.9528	0.0240
-0.9617	0.0236
-0.9705	0.0228
-0.9794	0.0225
-0.9883	0.0220
-0.9971	0.0218
-1.0060	0.0220
-1.0148	0.0226
-1.0237	0.0229
-1.0326	0.0235
-1.0415	0.0236
-1.0504	0.0237
-1.0593	0.0236
-1.0682	0.0234
-1.0771	0.0229
-1.0860	0.0229
-1.0950	0.0225
-1.1039	0.0223
-1.1128	0.0221
-1.1218	0.0223
-1.1308	0.0223
-1.1397	0.0225
-1.1487	0.0226
-1.1577	0.0231
-1.1666	0.0234
-1.1756	0.0238
-1.1847	0.0242
-1.1937	0.0241
-1.2028	0.0239
-1.2120	0.0239
-1.2211	0.0242
-1.2304	0.0245
-1.2396	0.0250
-1.2489	0.0253
-1.2583	0.0254
-1.2677	0.0260
-1.2771	0.0263
-1.2866	0.0265
-1.2961	0.0265
-1.3056	0.0264
-1.3151	0.0264
-1.3246	0.0267
-1.3341	0.0267
-1.3436	0.0269
-1.3530	0.0267
-1.3624	0.0270
-1.3717	0.0273
-1.3811	0.0276
-1.3903	0.0278
-1.3995	0.0277
-1.4087	0.0273
-1.4179	0.0273
-1.4269	0.0274
-1.4360	0.0277
-1.4450	0.0280
-1.4540	0.0282
-1.4629	0.0288
-1.4718	0.0294
-1.4806	0.0303
-1.4894	0.0309
-1.4982	0.0313
-1.5069	0.0319
-1.5155	0.0321
-1.5241	0.0324
-1.5326	0.0326
-1.5411	0.0326
-1.5495	0.0324
-1.5579	0.0322
-1.5662	0.0321
-1.5744	0.0316
-1.5826	0.0315
-1.5907	0.0315
-1.5988	0.0311
-1.6069	0.0308
-1.6148	0.0305
-1.6228	0.0304
-1.6306	0.0305
-1.6384	0.0305
-1.6462	0.0304
-1.6539	0.0308
-1.6615	0.0309
-1.6691	0.0309
-1.6767	0.0308
-1.6842	0.0306
-1.6916	0.0306
-1.6990	0.0304
-1.7063	0.0304
-1.7135	0.0303
-1.7208	0.0297
-1.7280	0.0292
-1.7351	0.0287
-1.7422	0.0282
-1.7493	0.0279
-1.7563	0.0276
-1.7633	0.0276
-1.7703	0.0272
-1.7772	0.0268
-1.7841	0.0264
-1.7910	0.0263
-1.7978	0.0265
-1.8046	0.0272
-1.8114	0.0272
-1.8181	0.0269
-1.8249	0.0268
-1.8315	0.0266
-1.8382	0.0267
-1.8449	0.0264
-1.8515	0.0256
-1.8581	0.0253
-1.8646	0.0250
-1.8712	0.0245
-1.8777	0.0239
-1.8843	0.0234
-1.8908	0.0229
-1.8972	0.0226
-1.9037	0.0224
-1.9101	0.0225
-1.9165	0.0227
-1.9228	0.0228
-1.9292	0.0228
-1.9355	0.0229
-1.9418	0.0226
-1.9480	0.0227
-1.9543	0.0230
-1.9605	0.0231
-1.9666	0.0231
-1.9728	0.0229
-1.9789	0.0228
-1.9850	0.0230
-1.9910	0.0229
-1.9971	0.0226
-2.0032	0.0226
-2.0092	0.0227
-2.0153	0.0229
-2.0213	0.0230
-2.0274	0.0226
-2.0334	0.0220
-2.0395	0.0215
-2.0456	0.0213
-2.0516	0.0211
-2.0577	0.0213
-2.0637	0.0212
-2.0698	0.0213
-2.0758	0.0212
-2.0817	0.0215
-2.0877	0.0216
-2.0937	0.0220
-2.0997	0.0220
-2.1057	0.0216
-2.1117	0.0212
-2.1178	0.0211
-2.1239	0.0210
-2.1300	0.0211
-2.1362	0.0213
-2.1425	0.0214
-2.1488	0.0219
-2.1551	0.0229
-2.1615	0.0241
-2.1680	0.0252
-2.1745	0.0258
-2.1811	0.0263
-2.1878	0.0267
-2.1946	0.0270
-2.2015	0.0271
-2.2085	0.0274
-2.2156	0.0279
-2.2229	0.0286
-2.2304	0.0289
-2.2380	0.0295
-2.2458	0.0304
-2.2539	0.0314
-2.2621	0.0326
-2.2706	0.0342
-2.2793	0.0358
-2.2883	0.0374
-2.2976	0.0389
-2.3070	0.0397
-2.3167	0.0403
-2.3266	0.0409
-2.3367	0.0413
-2.3469	0.0417
-2.3573	0.0427
-2.3678	0.0437
-2.3783	0.0447
-2.3888	0.0456
-2.3994	0.0467
-2.4100	0.0483
-2.4206	0.0502
-2.4311	0.0537
-2.4415	0.0579
-2.4519	0.0617
-2.4620	0.0634
-2.4720	0.0632
-2.4818	0.0631
-2.4913	0.0635
-2.5005	0.0635
-2.5094	0.0627
-2.5181	0.0611
-2.5264	0.0599
-2.5344	0.0588
-2.5421	0.0576
-2.5495	0.0567
-2.5566	0.0557
-2.5635	0.0547
-2.5700	0.0534
-2.5764	0.0520
-2.5825	0.0507
-2.5884	0.0499
-2.5941	0.0491
-2.5996	0.0481
-2.6049	0.0470
-2.6100	0.0460
-2.6150	0.0447
-2.6199	0.0439
-2.6246	0.0428
-2.6292	0.0421
-2.6336	0.0413
-2.6379	0.0406
-2.6421	0.0399
-2.6462	0.0393
-2.6502	0.0391
-2.6541	0.0385
-2.6579	0.0379
-2.6616	0.0374
-2.6653	0.0369
-2.6689	0.0362
-2.6724	0.0350
-2.6758	0.0336
-2.6792	0.0332
-2.6824	0.0328
-2.6856	0.0323
-2.6887	0.0320
-2.6917	0.0315
-2.6947	0.0312
-2.6975	0.0309
-2.7002	0.0308
-2.7028	0.0308
-2.7054	0.0306
-2.7079	0.0305
-2.7103	0.0303
-2.7127	0.0297
-2.7150	0.0296
-2.7172	0.0288
-2.7195	0.0284
-2.7216	0.0277
-2.7238	0.0274
-2.7259	0.0272
-2.7279	0.0269
-2.7300	0.0269
-2.7320	0.0270
-2.7340	0.0267
-2.7360	0.0262
-2.7379	0.0252
-2.7398	0.0244
-2.7418	0.0238
-2.7437	0.0232
-2.7455	0.0231
-2.7474	0.0234
-2.7492	0.0236
-2.7510	0.0236
-2.7528	0.0234
-2.7545	0.0229
-2.7562	0.0230
-2.7578	0.0235
-2.7594	0.0238
-2.7609	0.0239
-2.7624	0.0240
-2.7638	0.0239
-2.7651	0.0236
-2.7664	0.0235
-2.7676	0.0232
-2.7688	0.0226
-2.7699	0.0220
-2.7709	0.0216
-2.7719	0.0211
-2.7728	0.0208
-2.7737	0.0199
-2.7745	0.0194
-2.7752	0.0188
-2.7759	0.0180
-2.7766	0.0176
-2.7771	0.0171
-2.7777	0.0166
-2.7781	0.0161
-2.7786	0.0159
-2.7790	0.0156
-2.7794	0.0157
-2.7798	0.0156
-2.7802	0.0154
-2.7806	0.0150
-2.7811	0.0146
-2.7816	0.0141
-2.7822	0.0139
-2.7828	0.0136
-2.7835	0.0135
-2.7842	0.0133
-2.7850	0.0133
-2.7858	0.0130
-2.7866	0.0133
-2.7874	0.0139
-2.7882	0.0144
-2.7890	0.0149
-2.7898	0.0155
-2.7906	0.0156
-2.7914	0.0160
-2.7922	0.0164
-2.7930	0.0166
-2.7939	0.0164
-2.7947	0.0166
-2.7956	0.0171
-2.7965	0.0173
-2.7974	0.0175
-2.7983	0.0175
-2.7993	0.0172
-2.8002	0.0169
-2.8012	0.0166
-2.8021	0.0157
-2.8030	0.0154
-2.8039	0.0158
-2.8047	0.0164
-2.8056	0.0168
-2.8063	0.0169
-2.8070	0.0167
-2.8077	0.0164
-2.8084	0.0163
-2.8089	0.0164
-2.8094	0.0164
-2.8099	0.0163
-2.8102	0.0162
-2.8105	0.0163
-2.8107	0.0162
-2.8109	0.0157
-2.8110	0.0154
-2.8110	0.0149
-2.8110	0.0146
-2.8110	0.0143
-2.8109	0.0140
-2.8108	0.0134
-2.8106	0.0127
-2.8103	0.0124
-2.8100	0.0118
-2.8096	0.0116
-2.8092	0.0114
-2.8087	0.0113
-2.8081	0.0112
-2.8074	0.0109
-2.8068	0.0106
-2.8060	0.0100
-2.8052	0.0097
-2.8043	0.0090
-2.8033	0.0081
-2.8022	0.0074
-2.8011	0.0070
-2.7999	0.0070
-2.7985	0.0067
-2.7971	0.0063
-2.7957	0.0061
-2.7941	0.0057
-2.7925	0.0056
-2.7909	0.0054
-2.7892	0.0051
-2.7875	0.0043
-2.7857	0.0034
-2.7840	0.0028
-2.7822	0.0021
-2.7805	0.0019
-2.7787	0.0017
-2.7770	0.0015
-2.7753	0.0016
-2.7736	0.0012
-2.7719	0.0010
-2.7702	0.0005
-2.7685	0.0004
-2.7669	0.0005
-2.7652	0.0007
-2.7635	0.0012
-2.7618	0.0013
-2.7601	0.0014
-2.7584	0.0016
-2.7566	0.0017
-2.7547	0.0018
-2.7529	0.0015
-2.7509	0.0012
-2.7489	0.0008
-2.7468	0.0002
-2.7445	-0.0002
-2.7420	-0.0012
-2.7393	-0.0019
-2.7363	-0.0027
-2.7331	-0.0036
-2.7295	-0.0048
-2.7258	-0.0063
-2.7218	-0.0075
-2.7177	-0.0084
-2.7134	-0.0095
-2.7090	-0.0103
-2.7045	-0.0110
-2.7001	-0.0122
-2.6956	-0.0133
-2.6912	-0.0143
-2.6868	-0.0149
-2.6826	-0.0151
-2.6786	-0.0145
-2.6748	-0.0140
-2.6712	-0.0132
-2.6680	-0.0124
-2.6652	-0.0115
-2.6627	-0.0104
-2.6605	-0.0090
-2.6587	-0.0073
-2.6571	-0.0055
-2.6558	-0.0040
-2.6547	-0.0025
-2.6537	-0.0009
-2.6528	0.0006
-2.6520	0.0023
-2.6513	0.0037
-2.6506	0.0051
-2.6500	0.0063
-2.6494	0.0077
-2.6489	0.0089
-2.6484	0.0102
-2.6478	0.0112
-2.6473	0.0120
-2.6467	0.0128
-2.6461	0.0137
-2.6454	0.0144
-2.6446	0.0152
-2.6437	0.0156
-2.6428	0.0162
-2.6417	0.0166
-2.6405	0.0169
-2.6392	0.0170
-2.6378	0.0169
-2.6363	0.0170
-2.6346	0.0172
-2.6328	0.0176
-2.6308	0.0179
-2.6287	0.0185
-2.6265	0.0188
-2.6242	0.0189
-2.6217	0.0187
-2.6191	0.0186
-2.6164	0.0181
-2.6136	0.0178
-2.6107	0.0180
-2.6077	0.0179
-2.6045	0.0175
-2.6012	0.0171
-2.5978	0.0171
-2.5942	0.0171
-2.5905	0.0173
-2.5866	0.0173
-2.5825	0.0174
-2.5783	0.0171
-2.5740	0.0174
-2.5696	0.0174
-2.5650	0.0171
-2.5603	0.0169
-2.5556	0.0166
-2.5507	0.0165
-2.5458	0.0165
-2.5407	0.0167
-2.5356	0.0164
-2.5303	0.0161
-2.5248	0.0163
-2.5193	0.0163
-2.5136	0.0162
-2.5077	0.0155
-2.5017	0.0146
-2.4956	0.0141
-2.4892	0.0140
-2.4827	0.0136
-2.4761	0.0135
-2.4693	0.0133
-2.4624	0.0132
-2.4554	0.0131
-2.4483	0.0129
-2.4412	0.0124
-2.4340	0.0117
-2.4269	0.0105
-2.4198	0.0096
-2.4126	0.0088
-2.4055	0.0084
-2.3984	0.0082
-2.3912	0.0077
-2.3840	0.0076
-2.3768	0.0076
-2.3696	0.0078
-2.3623	0.0080
-2.3550	0.0082
-2.3477	0.0085
-2.3404	0.0087
-2.3330	0.0091
-2.3256	0.0096
-2.3182	0.0102
-2.3107	0.0104
-2.3032	0.0108
-2.2956	0.0111
-2.2879	0.0118
-2.2802	0.0118
-2.2724	0.0119
-2.2646	0.0118
-2.2568	0.0118
-2.2489	0.0114
-2.2410	0.0114
-2.2331	0.0117
-2.2253	0.0119
-2.2174	0.0120
-2.2095	0.0121
-2.2016	0.0121
-2.1936	0.0120
-2.1855	0.0119
-2.1774	0.0117
-2.1692	0.0113
-2.1609	0.0113
-2.1525	0.0114
-2.1440	0.0117
-2.1353	0.0115
-2.1265	0.0112
-2.1175	0.0108
-2.1085	0.0107
-2.0992	0.0108
-2.0898	0.0106
-2.0802	0.0098
-2.0705	0.0091
-2.0607	0.0086
-2.0507	0.0075
-2.0406	0.0071
-2.0304	0.0064
-2.0201	0.0058
-2.0097	0.0053
-1.9993	0.0050
-1.9888	0.0050
-1.9782	0.0049
-1.9676	0.0048
-1.9570	0.0047
-1.9463	0.0051
-1.9355	0.0052
-1.9247	0.0052
-1.9138	0.0053
-1.9029	0.0052
-1.8919	0.0052
-1.8809	0.0051
-1.8699	0.0051
-1.8588	0.0046
-1.8477	0.0042
-1.8365	0.0040
-1.8253	0.0045
-1.8141	0.0044
-1.8028	0.0047
-1.7915	0.0049
-1.7802	0.0053
-1.7690	0.0058
-1.7579	0.0064
-1.7471	0.0068
-1.7364	0.0073
-1.7260	0.0073
-1.7158	0.0079
-1.7058	0.0089
-1.6959	0.0108
-1.6861	0.0124
-1.6763	0.0140
-1.6666	0.0151
-1.6570	0.0166
-1.6474	0.0181
-1.6379	0.0194
-1.6284	0.0206
-1.6191	0.0218
-1.6097	0.0227
-1.6004	0.0237
-1.5911	0.0248
-1.5819	0.0258
-1.5726	0.0265
-1.5634	0.0272
-1.5542	0.0280
-1.5451	0.0289
-1.5360	0.0298
-1.5269	0.0308
-1.5178	0.0316
-1.5087	0.0325
-1.4997	0.0334
-1.4907	0.0344
-1.4818	0.0354
-1.4730	0.0366
-1.4642	0.0371
-1.4556	0.0379
-1.4470	0.0386
-1.4384	0.0388
-1.4298	0.0393
