Temperature (K)	B-Field (Gauss)	sample I AB	sample I AD	sample I AC	sample I BD	sample I -AB	sample I -AD	sample I -AC	sample I -BD	Voltage DC	Voltage BC	Voltage BD	Voltage AC	Voltage -DC	Voltage -BC	Voltage -BD	Voltage -AC	96.0650000	3998.0000000	0.0001000	0.0001000	0.0001000	0.0001000	-0.0001000	-0.0001000	-0.0001000	-0.0001000	0.0256001	0.0325594	0.0916541	0.0821173	-0.0256075	-0.0332889	-0.0928979	-0.0828535
97.3750000	28.2199993	0.0001000	0.0001000	0.0001000	0.0001000	-0.0001000	-0.0001000	-0.0001000	-0.0001000	0.0181177	0.0210089	0.0034332	-0.0027012	-0.0181304	-0.0215973	-0.0044418	0.0019647
98.6200000	-3978.0000000	0.0001000	0.0001000	0.0001000	0.0001000	-0.0001000	-0.0001000	-0.0001000	-0.0001000	0.0273031	0.0297377	-0.0824904	-0.0925833	-0.0273166	-0.0303781	0.0815252	0.0919064
100.2300000	3998.0000000	0.0001000	0.0001000	0.0001000	0.0001000	-0.0001000	-0.0001000	-0.0001000	-0.0001000	0.0273848	0.0347349	0.0923698	0.0821333	-0.0274186	-0.0354631	-0.0936041	-0.0828568
101.5950000	28.2999992	0.0001000	0.0001000	0.0001000	0.0001000	-0.0001000	-0.0001000	-0.0001000	-0.0001000	0.0195752	0.0227267	0.0036947	-0.0029434	-0.0196302	-0.0233607	-0.0047090	0.0022241
102.8500000	-3977.0000000	0.0001000	0.0001000	0.0001000	0.0001000	-0.0001000	-0.0001000	-0.0001000	-0.0001000	0.0292017	0.0319548	-0.0824802	-0.0932569	-0.0292385	-0.0326223	0.0815200	0.0926058
104.4500000	3996.0000000	0.0001000	0.0001000	0.0001000	0.0001000	-0.0001000	-0.0001000	-0.0001000	-0.0001000	0.0293180	0.0370604	0.0930664	0.0821332	-0.0293749	-0.0377915	-0.0943090	-0.0828382
105.7150000	28.0799999	0.0001000	0.0001000	0.0001000	0.0001000	-0.0001000	-0.0001000	-0.0001000	-0.0001000	0.0211408	0.0245852	0.0039869	-0.0032246	-0.0212128	-0.0252296	-0.0050041	0.0025178
106.9450000	-3975.0000000	0.0001000	0.0001000	0.0001000	0.0001000	-0.0001000	-0.0001000	-0.0001000	-0.0001000	0.0311583	0.0342414	-0.0824562	-0.0939441	-0.0312182	-0.0349345	0.0814982	0.0933135
108.5850000	3994.0000000	0.0001000	0.0001000	0.0001000	0.0001000	-0.0001000	-0.0001000	-0.0001000	-0.0001000	0.0313017	0.0394448	0.0937605	0.0821120	-0.0313887	-0.0401958	-0.0950307	-0.0828025
110.0100000	28.2900009	0.0001000	0.0001000	0.0001000	0.0001000	-0.0001000	-0.0001000	-0.0001000	-0.0001000	0.0228388	0.0266028	0.0043096	-0.0035205	-0.0229379	-0.0272611	-0.0053311	0.0028208
111.2450000	-3974.0000000	0.0001000	0.0001000	0.0001000	0.0001000	-0.0001000	-0.0001000	-0.0001000	-0.0001000	0.0332849	0.0367298	-0.0824157	-0.0946887	-0.0333712	-0.0374582	0.0814614	0.0940723
112.8300000	3993.0000000	0.0001000	0.0001000	0.0001000	0.0001000	-0.0001000	-0.0001000	-0.0001000	-0.0001000	0.0334698	0.0420383	0.0945055	0.0820775	-0.0335698	-0.0427909	-0.0957926	-0.0827527
114.2100000	28.3099995	0.0001000	0.0001000	0.0001000	0.0001000	-0.0001000	-0.0001000	-0.0001000	-0.0001000	0.0246323	0.0287175	0.0046345	-0.0038369	-0.0247395	-0.0293929	-0.0056682	0.0031375
115.5100000	-3973.0000000	0.0001000	0.0001000	0.0001000	0.0001000	-0.0001000	-0.0001000	-0.0001000	-0.0001000	0.0354927	0.0393176	-0.0823664	-0.0954444	-0.0355948	-0.0400746	0.0814047	0.0948408
117.0600000	3991.0000000	0.0001000	0.0001000	0.0001000	0.0001000	-0.0001000	-0.0001000	-0.0001000	-0.0001000	0.0356853	0.0446888	0.0952468	0.0820195	-0.0358089	-0.0454526	-0.0965689	-0.0826975
118.3900000	28.2299995	0.0001000	0.0001000	0.0001000	0.0001000	-0.0001000	-0.0001000	-0.0001000	-0.0001000	0.0265093	0.0309404	0.0049794	-0.0041774	-0.0266330	-0.0316296	-0.0060251	0.0034784
119.6500000	-3972.0000000	0.0001000	0.0001000	0.0001000	0.0001000	-0.0001000	-0.0001000	-0.0001000	-0.0001000	0.0377484	0.0419710	-0.0823049	-0.0962133	-0.0378667	-0.0427528	0.0813325	0.0956108
121.3250000	3991.0000000	0.0001000	0.0001000	0.0001000	0.0001000	-0.0001000	-0.0001000	-0.0001000	-0.0001000	0.0380066	0.0474637	0.0960294	0.0819527	-0.0381506	-0.0482534	-0.0973787	-0.0826194
122.5900000	28.2099991	0.0001000	0.0001000	0.0001000	0.0001000	-0.0001000	-0.0001000	-0.0001000	-0.0001000	0.0285246	0.0333098	0.0053397	-0.0045241	-0.0286535	-0.0340167	-0.0064010	0.0038424
123.9750000	-3970.0000000	0.0001000	0.0001000	0.0001000	0.0001000	-0.0001000	-0.0001000	-0.0001000	-0.0001000	0.0401560	0.0448129	-0.0822233	-0.0970261	-0.0403044	-0.0456274	0.0812507	0.0964455
125.6450000	3990.0000000	0.0001000	0.0001000	0.0001000	0.0001000	-0.0001000	-0.0001000	-0.0001000	-0.0001000	0.0404859	0.0504273	0.0968653	0.0818718	-0.0406423	-0.0512234	-0.0982334	-0.0825287
126.9050000	28.4099998	0.0001000	0.0001000	0.0001000	0.0001000	-0.0001000	-0.0001000	-0.0001000	-0.0001000	0.0306771	0.0358636	0.0057476	-0.0049078	-0.0308212	-0.0365825	-0.0068154	0.0042276
128.1500000	-3970.0000000	0.0001000	0.0001000	0.0001000	0.0001000	-0.0001000	-0.0001000	-0.0001000	-0.0001000	0.0426375	0.0477306	-0.0821396	-0.0978606	-0.0427903	-0.0485606	0.0811555	0.0972791
129.7350000	3989.0000000	0.0001000	0.0001000	0.0001000	0.0001000	-0.0001000	-0.0001000	-0.0001000	-0.0001000	0.0429336	0.0533559	0.0976897	0.0817823	-0.0431006	-0.0541646	-0.0990639	-0.0824292
131.0050000	28.3600006	0.0001000	0.0001000	0.0001000	0.0001000	-0.0001000	-0.0001000	-0.0001000	-0.0001000	0.0328249	0.0384068	0.0061500	-0.0052937	-0.0329853	-0.0391493	-0.0072212	0.0046295
132.2900000	-3969.0000000	0.0001000	0.0001000	0.0001000	0.0001000	-0.0001000	-0.0001000	-0.0001000	-0.0001000	0.0451553	0.0506981	-0.0820459	-0.0987019	-0.0453228	-0.0515439	0.0810614	0.0981456
133.8450000	3988.0000000	0.0001000	0.0001000	0.0001000	0.0001000	-0.0001000	-0.0001000	-0.0001000	-0.0001000	0.0454524	0.0563750	0.0985387	0.0816888	-0.0456608	-0.0572174	-0.0999415	-0.0823353
135.1500000	28.3899994	0.0001000	0.0001000	0.0001000	0.0001000	-0.0001000	-0.0001000	-0.0001000	-0.0001000	0.0351107	0.0411193	0.0065783	-0.0057141	-0.0352887	-0.0418742	-0.0076633	0.0050482
136.4200000	-3968.0000000	0.0001000	0.0001000	0.0001000	0.0001000	-0.0001000	-0.0001000	-0.0001000	-0.0001000	0.0477570	0.0537735	-0.0819569	-0.0995895	-0.0479477	-0.0546471	0.0809643	0.0990436
137.9750000	3988.0000000	0.0001000	0.0001000	0.0001000	0.0001000	-0.0001000	-0.0001000	-0.0001000	-0.0001000	0.0481061	0.0595474	0.0994455	0.0816045	-0.0483191	-0.0603961	-0.1008540	-0.0822285
139.2650000	28.3199997	0.0001000	0.0001000	0.0001000	0.0001000	-0.0001000	-0.0001000	-0.0001000	-0.0001000	0.0374920	0.0439536	0.0070257	-0.0061436	-0.0376915	-0.0447257	-0.0081190	0.0054994
140.5450000	-3968.0000000	0.0001000	0.0001000	0.0001000	0.0001000	-0.0001000	-0.0001000	-0.0001000	-0.0001000	0.0504587	0.0569675	-0.0818609	-0.1005042	-0.0506708	-0.0578665	0.0808673	0.0999959
142.1100000	3987.0000000	0.0001000	0.0001000	0.0001000	0.0001000	-0.0001000	-0.0001000	-0.0001000	-0.0001000	0.0508463	0.0628303	0.1003923	0.0815231	-0.0510726	-0.0636908	-0.1018071	-0.0821146
143.4100000	28.2500000	0.0001000	0.0001000	0.0001000	0.0001000	-0.0001000	-0.0001000	-0.0001000	-0.0001000	0.0399888	0.0469164	0.0075047	-0.0065940	-0.0401995	-0.0477037	-0.0085929	0.0059792
144.6950000	-3967.0000000	0.0001000	0.0001000	0.0001000	0.0001000	-0.0001000	-0.0001000	-0.0001000	-0.0001000	0.0532615	0.0602893	-0.0817684	-0.1014662	-0.0534970	-0.0612045	0.0807864	0.1009965
146.2800000	3986.0000000	0.0001000	0.0001000	0.0001000	0.0001000	-0.0001000	-0.0001000	-0.0001000	-0.0001000	0.0536609	0.0662172	0.1013979	0.0814511	-0.0539379	-0.0671133	-0.1028081	-0.0820134
147.6150000	28.2700005	0.0001000	0.0001000	0.0001000	0.0001000	-0.0001000	-0.0001000	-0.0001000	-0.0001000	0.0426244	0.0500589	0.0080126	-0.0070728	-0.0428705	-0.0508706	-0.0090926	0.0064915
149.0800000	-3966.0000000	0.0001000	0.0001000	0.0001000	0.0001000	-0.0001000	-0.0001000	-0.0001000	-0.0001000	0.0563062	0.0639090	-0.0816828	-0.1025375	-0.0566029	-0.0648738	0.0807194	0.1021254
150.7750000	3986.0000000	0.0001000	0.0001000	0.0001000	0.0001000	-0.0001000	-0.0001000	-0.0001000	-0.0001000	0.0568904	0.0700957	0.1025537	0.0813851	-0.0571994	-0.0710118	-0.1039660	-0.0819226
152.0800000	28.2999992	0.0001000	0.0001000	0.0001000	0.0001000	-0.0001000	-0.0001000	-0.0001000	-0.0001000	0.0456270	0.0536351	0.0085913	-0.0076163	-0.0459076	-0.0544733	-0.0096661	0.0070607
153.3750000	-3965.0000000	0.0001000	0.0001000	0.0001000	0.0001000	-0.0001000	-0.0001000	-0.0001000	-0.0001000	0.0595159	0.0677067	-0.0816158	-0.1036767	-0.0598156	-0.0686737	0.0806568	0.1032916
155.1000000	3985.0000000	0.0001000	0.0001000	0.0001000	0.0001000	-0.0001000	-0.0001000	-0.0001000	-0.0001000	0.0600999	0.0739414	0.1037246	0.0813269	-0.0604284	-0.0748716	-0.1051289	-0.0818449
156.4250000	28.2000008	0.0001000	0.0001000	0.0001000	0.0001000	-0.0001000	-0.0001000	-0.0001000	-0.0001000	0.0485852	0.0571559	0.0091596	-0.0081697	-0.0488793	-0.0579985	-0.0102233	0.0076293
157.8550000	-3964.0000000	0.0001000	0.0001000	0.0001000	0.0001000	-0.0001000	-0.0001000	-0.0001000	-0.0001000	0.0627574	0.0715570	-0.0815516	-0.1048631	-0.0630875	-0.0725429	0.0806107	0.1044992
159.5550000	3983.0000000	0.0001000	0.0001000	0.0001000	0.0001000	-0.0001000	-0.0001000	-0.0001000	-0.0001000	0.0632690	0.0777583	0.1049039	0.0812663	-0.0636169	-0.0786946	-0.1062913	-0.0817793
160.9850000	28.3600006	0.0001000	0.0001000	0.0001000	0.0001000	-0.0001000	-0.0001000	-0.0001000	-0.0001000	0.0516042	0.0607716	0.0097617	-0.0087464	-0.0519365	-0.0616293	-0.0108132	0.0081928
162.2700000	-3964.0000000	0.0001000	0.0001000	0.0001000	0.0001000	-0.0001000	-0.0001000	-0.0001000	-0.0001000	0.0658881	0.0752732	-0.0815011	-0.1060320	-0.0662253	-0.0762618	0.0805745	0.1056731
164.0200000	3983.0000000	0.0001000	0.0001000	0.0001000	0.0001000	-0.0001000	-0.0001000	-0.0001000	-0.0001000	0.0663910	0.0815183	0.1060831	0.0812207	-0.0667653	-0.0824800	-0.1074586	-0.0817213
165.3500000	28.3600006	0.0001000	0.0001000	0.0001000	0.0001000	-0.0001000	-0.0001000	-0.0001000	-0.0001000	0.0544922	0.0642190	0.0103225	-0.0092952	-0.0548435	-0.0650924	-0.0113642	0.0087588
166.6300000	-3964.0000000	0.0001000	0.0001000	0.0001000	0.0001000	-0.0001000	-0.0001000	-0.0001000	-0.0001000	0.0689720	0.0789479	-0.0814505	-0.1071928	-0.0693489	-0.0799760	0.0805499	0.1068783
168.3650000	3983.0000000	0.0001000	0.0001000	0.0001000	0.0001000	-0.0001000	-0.0001000	-0.0001000	-0.0001000	0.0695540	0.0853580	0.1073127	0.0811991	-0.0699908	-0.0863630	-0.1086601	-0.0816492
169.7950000	28.3099995	0.0001000	0.0001000	0.0001000	0.0001000	-0.0001000	-0.0001000	-0.0001000	-0.0001000	0.0576683	0.0680411	0.0109624	-0.0098996	-0.0580873	-0.0689680	-0.0119816	0.0094143
171.1150000	-3963.0000000	0.0001000	0.0001000	0.0001000	0.0001000	-0.0001000	-0.0001000	-0.0001000	-0.0001000	0.0724091	0.0830569	-0.0814114	-0.1085042	-0.0728575	-0.0841511	0.0805278	0.1082594
172.7150000	3983.0000000	0.0001000	0.0001000	0.0001000	0.0001000	-0.0001000	-0.0001000	-0.0001000	-0.0001000	0.0729995	0.0895335	0.1086574	0.0811885	-0.0735036	-0.0906128	-0.1099926	-0.0815691
174.0300000	28.2999992	0.0001000	0.0001000	0.0001000	0.0001000	-0.0001000	-0.0001000	-0.0001000	-0.0001000	0.0609176	0.0719292	0.0116071	-0.0105079	-0.0613863	-0.0729203	-0.0126135	0.0100917
175.4400000	-3962.0000000	0.0001000	0.0001000	0.0001000	0.0001000	-0.0001000	-0.0001000	-0.0001000	-0.0001000	0.0759910	0.0873318	-0.0813776	-0.1098751	-0.0764997	-0.0884966	0.0805083	0.1097059
177.0300000	3981.0000000	0.0001000	0.0001000	0.0001000	0.0001000	-0.0001000	-0.0001000	-0.0001000	-0.0001000	0.0766067	0.0939009	0.1100662	0.0811630	-0.0771555	-0.0950446	-0.1113987	-0.0815005
178.3400000	28.2600002	0.0001000	0.0001000	0.0001000	0.0001000	-0.0001000	-0.0001000	-0.0001000	-0.0001000	0.0644648	0.0761844	0.0123143	-0.0111939	-0.0649632	-0.0772112	-0.0133111	0.0108097
179.6350000	-3962.0000000	0.0001000	0.0001000	0.0001000	0.0001000	-0.0001000	-0.0001000	-0.0001000	-0.0001000	0.0796011	0.0916348	-0.0813437	-0.1112789	-0.0801186	-0.0928376	0.0804836	0.1111541
181.2150000	3982.0000000	0.0001000	0.0001000	0.0001000	0.0001000	-0.0001000	-0.0001000	-0.0001000	-0.0001000	0.0802493	0.0983207	0.1114992	0.0811188	-0.0808237	-0.0995205	-0.1128304	-0.0814344
182.6200000	28.1900005	0.0001000	0.0001000	0.0001000	0.0001000	-0.0001000	-0.0001000	-0.0001000	-0.0001000	0.0681222	0.0805724	0.0130383	-0.0119162	-0.0686335	-0.0816445	-0.0140436	0.0115606
184.0150000	-3962.0000000	0.0001000	0.0001000	0.0001000	0.0001000	-0.0001000	-0.0001000	-0.0001000	-0.0001000	0.0835416	0.0963511	-0.0813056	-0.1128378	-0.0840878	-0.0976093	0.0804234	0.1127490
185.5950000	3981.0000000	0.0001000	0.0001000	0.0001000	0.0001000	-0.0001000	-0.0001000	-0.0001000	-0.0001000	0.0842237	0.1031490	0.1130702	0.0810531	-0.0848041	-0.1043895	-0.1144065	-0.0813544
186.9500000	28.1700001	0.0001000	0.0001000	0.0001000	0.0001000	-0.0001000	-0.0001000	-0.0001000	-0.0001000	0.0719750	0.0852124	0.0138228	-0.0126931	-0.0725070	-0.0863175	-0.0148388	0.0123503
188.2550000	-3961.0000000	0.0001000	0.0001000	0.0001000	0.0001000	-0.0001000	-0.0001000	-0.0001000	-0.0001000	0.0874048	0.1009780	-0.0812481	-0.1143674	-0.0879513	-0.1022568	0.0803444	0.1143085
189.9750000	3981.0000000	0.0001000	0.0001000	0.0001000	0.0001000	-0.0001000	-0.0001000	-0.0001000	-0.0001000	0.0882683	0.1080794	0.1146790	0.0809615	-0.0888633	-0.1093556	-0.1160225	-0.0812662
191.2350000	28.2299995	0.0001000	0.0001000	0.0001000	0.0001000	-0.0001000	-0.0001000	-0.0001000	-0.0001000	0.0758783	0.0899212	0.0146254	-0.0134944	-0.0764590	-0.0910884	-0.0156563	0.0131538
192.5850000	-3961.0000000	0.0001000	0.0001000	0.0001000	0.0001000	-0.0001000	-0.0001000	-0.0001000	-0.0001000	0.0914756	0.1058797	-0.0811485	-0.1159874	-0.0920302	-0.1071552	0.0802256	0.1159227
194.2850000	3981.0000000	0.0001000	0.0001000	0.0001000	0.0001000	-0.0001000	-0.0001000	-0.0001000	-0.0001000	0.0923782	0.1131070	0.1163128	0.0808276	-0.0929805	-0.1143819	-0.1176494	-0.0811655
195.5900000	28.2000008	0.0001000	0.0001000	0.0001000	0.0001000	-0.0001000	-0.0001000	-0.0001000	-0.0001000	0.0799582	0.0948525	0.0154755	-0.0143489	-0.0805451	-0.0960126	-0.0165096	0.0139888
196.9750000	-3961.0000000	0.0001000	0.0001000	0.0001000	0.0001000	-0.0001000	-0.0001000	-0.0001000	-0.0001000	0.0957374	0.1110279	-0.0810194	-0.1176917	-0.0962996	-0.1122641	0.0800477	0.1175523
198.6300000	3980.0000000	0.0001000	0.0001000	0.0001000	0.0001000	-0.0001000	-0.0001000	-0.0001000	-0.0001000	0.0965683	0.1182325	0.1179598	0.0806459	-0.0971889	-0.1195041	-0.1192722	-0.0810392
200.1400000	28.3299999	0.0001000	0.0001000	0.0001000	0.0001000	-0.0001000	-0.0001000	-0.0001000	-0.0001000	0.0843921	0.1002297	0.0164119	-0.0152898	-0.0849649	-0.1013178	-0.0174290	0.0148564
201.6500000	-3961.0000000	0.0001000	0.0001000	0.0001000	0.0001000	-0.0001000	-0.0001000	-0.0001000	-0.0001000	0.1002382	0.1164991	-0.0808158	-0.1194861	-0.1008382	-0.1176758	0.0798352	0.1192309
203.4000000	3980.0000000	0.0001000	0.0001000	0.0001000	0.0001000	-0.0001000	-0.0001000	-0.0001000	-0.0001000	0.1012473	0.1239991	0.1197841	0.0803725	-0.1019297	-0.1252184	-0.1210176	-0.0808816
204.9000000	28.2399998	0.0001000	0.0001000	0.0001000	0.0001000	-0.0001000	-0.0001000	-0.0001000	-0.0001000	0.0891101	0.1059610	0.0174137	-0.0163294	-0.0897073	-0.1069799	-0.0184014	0.0157848
206.4000000	-3960.0000000	0.0001000	0.0001000	0.0001000	0.0001000	-0.0001000	-0.0001000	-0.0001000	-0.0001000	0.1050179	0.1223255	-0.0805264	-0.1213684	-0.1056364	-0.1233397	0.0795702	0.1208842
208.2000000	3979.0000000	0.0001000	0.0001000	0.0001000	0.0001000	-0.0001000	-0.0001000	-0.0001000	-0.0001000	0.1061121	0.1299712	0.1216018	0.0800047	-0.1068158	-0.1310610	-0.1226961	-0.0806526
209.7500000	28.2800007	0.0001000	0.0001000	0.0001000	0.0001000	-0.0001000	-0.0001000	-0.0001000	-0.0001000	0.0939888	0.1119051	0.0184666	-0.0174116	-0.0946173	-0.1128110	-0.0193749	0.0167236
211.2500000	-3960.0000000	0.0001000	0.0001000	0.0001000	0.0001000	-0.0001000	-0.0001000	-0.0001000	-0.0001000	0.1099136	0.1283242	-0.0801300	-0.1232309	-0.1105725	-0.1291185	0.0792639	0.1224307
213.0500000	3980.0000000	0.0001000	0.0001000	0.0001000	0.0001000	-0.0001000	-0.0001000	-0.0001000	-0.0001000	0.1111158	0.1361068	0.1233801	0.0795458	-0.1118562	-0.1369959	-0.1242683	-0.0804078
214.6000000	28.1900005	0.0001000	0.0001000	0.0001000	0.0001000	-0.0001000	-0.0001000	-0.0001000	-0.0001000	0.0989966	0.1180060	0.0195313	-0.0185110	-0.0996505	-0.1187222	-0.0203180	0.0176285
216.0500000	-3960.0000000	0.0001000	0.0001000	0.0001000	0.0001000	-0.0001000	-0.0001000	-0.0001000	-0.0001000	0.1148822	0.1344109	-0.0796226	-0.1249787	-0.1155677	-0.1348859	0.0789050	0.1237764
217.8500000	3979.0000000	0.0001000	0.0001000	0.0001000	0.0001000	-0.0001000	-0.0001000	-0.0001000	-0.0001000	0.1161908	0.1422819	0.1250052	0.0789904	-0.1169497	-0.1428855	-0.1256279	-0.0800566
219.4000000	28.2600002	0.0001000	0.0001000	0.0001000	0.0001000	-0.0001000	-0.0001000	-0.0001000	-0.0001000	0.1040193	0.1241045	0.0205876	-0.0195573	-0.1047366	-0.1246029	-0.0211961	0.0184767
220.9500000	-3958.0000000	0.0001000	0.0001000	0.0001000	0.0001000	-0.0001000	-0.0001000	-0.0001000	-0.0001000	0.1198067	0.1404300	-0.0789694	-0.1264806	-0.1205683	-0.1405441	0.0784512	0.1248103
222.7500000	3978.0000000	0.0001000	0.0001000	0.0001000	0.0001000	-0.0001000	-0.0001000	-0.0001000	-0.0001000	0.1211761	0.1483027	0.1263583	0.0783462	-0.1220296	-0.1486391	-0.1266359	-0.0795366
224.2500000	28.2299995	0.0001000	0.0001000	0.0001000	0.0001000	-0.0001000	-0.0001000	-0.0001000	-0.0001000	0.1089144	0.1300167	0.0215743	-0.0204271	-0.1098247	-0.1302485	-0.0219182	0.0191899
225.8000000	-3959.0000000	0.0001000	0.0001000	0.0001000	0.0001000	-0.0001000	-0.0001000	-0.0001000	-0.0001000	0.1246694	0.1463137	-0.0781164	-0.1274912	-0.1256127	-0.1463299	0.0778214	0.1259044
227.5500000	3979.0000000	0.0001000	0.0001000	0.0001000	0.0001000	-0.0001000	-0.0001000	-0.0001000	-0.0001000	0.1262352	0.1542757	0.1272191	0.0775133	-0.1272459	-0.1545000	-0.1271568	-0.0784698
229.0500000	28.2500000	0.0001000	0.0001000	0.0001000	0.0001000	-0.0001000	-0.0001000	-0.0001000	-0.0001000	0.1140874	0.1361141	0.0224468	-0.0213099	-0.1150249	-0.1363441	-0.0226692	0.0202331
230.5500000	-3958.0000000	0.0001000	0.0001000	0.0001000	0.0001000	-0.0001000	-0.0001000	-0.0001000	-0.0001000	0.1296389	0.1522083	-0.0768631	-0.1278961	-0.1306318	-0.1520010	0.0765880	0.1259023
232.3500000	3978.0000000	0.0001000	0.0001000	0.0001000	0.0001000	-0.0001000	-0.0001000	-0.0001000	-0.0001000	0.1312433	0.1599707	0.1271204	0.0760617	-0.1322935	-0.1599845	-0.1267508	-0.0769178
233.9000000	28.3299999	0.0001000	0.0001000	0.0001000	0.0001000	-0.0001000	-0.0001000	-0.0001000	-0.0001000	0.1190074	0.1417855	0.0231147	-0.0220410	-0.1199532	-0.1418414	-0.0232860	0.0209087
235.4000000	-3957.0000000	0.0001000	0.0001000	0.0001000	0.0001000	-0.0001000	-0.0001000	-0.0001000	-0.0001000	0.1341840	0.1575200	-0.0747078	-0.1269603	-0.1351672	-0.1570216	0.0742262	0.1245619
237.2000000	3978.0000000	0.0001000	0.0001000	0.0001000	0.0001000	-0.0001000	-0.0001000	-0.0001000	-0.0001000	0.1356258	0.1647123	0.1252781	0.0733520	-0.1366571	-0.1645549	-0.1245259	-0.0738128
238.7000000	28.2299995	0.0001000	0.0001000	0.0001000	0.0001000	-0.0001000	-0.0001000	-0.0001000	-0.0001000	0.1231251	0.1464579	0.0235418	-0.0225847	-0.1240136	-0.1462611	-0.0236640	0.0214606
240.2000000	-3957.0000000	0.0001000	0.0001000	0.0001000	0.0001000	-0.0001000	-0.0001000	-0.0001000	-0.0001000	0.1376359	0.1616148	-0.0706063	-0.1236168	-0.1385098	-0.1608293	0.0697741	0.1207037
241.9500000	3978.0000000	0.0001000	0.0001000	0.0001000	0.0001000	-0.0001000	-0.0001000	-0.0001000	-0.0001000	0.1385181	0.1675175	0.1203226	0.0682465	-0.1394411	-0.1669466	-0.1189551	-0.0680392
243.5000000	28.5300007	0.0001000	0.0001000	0.0001000	0.0001000	-0.0001000	-0.0001000	-0.0001000	-0.0001000	0.1254639	0.1491168	0.0236823	-0.0228950	-0.1262049	-0.1483860	-0.0236363	0.0216540
245.0000000	-3956.0000000	0.0001000	0.0001000	0.0001000	0.0001000	-0.0001000	-0.0001000	-0.0001000	-0.0001000	0.1387589	0.1632934	-0.0629505	-0.1162808	-0.1393471	-0.1615838	0.0617077	0.1115908
246.8000000	3977.0000000	0.0001000	0.0001000	0.0001000	0.0001000	-0.0001000	-0.0001000	-0.0001000	-0.0001000	0.1383407	0.1666892	0.1103662	0.0590108	-0.1391017	-0.1653914	-0.1079601	-0.0578078
248.3000000	28.3199997	0.0001000	0.0001000	0.0001000	0.0001000	-0.0001000	-0.0001000	-0.0001000	-0.0001000	0.1244205	0.1480455	0.0233952	-0.0229415	-0.1248915	-0.1463618	-0.0228805	0.0214002
249.8000000	-3956.0000000	0.0001000	0.0001000	0.0001000	0.0001000	-0.0001000	-0.0001000	-0.0001000	-0.0001000	0.1356943	0.1605003	-0.0500739	-0.1030282	-0.1357544	-0.1575642	0.0486617	0.0961419
251.5500000	3977.0000000	0.0001000	0.0001000	0.0001000	0.0001000	-0.0001000	-0.0001000	-0.0001000	-0.0001000	0.1329110	0.1599265	0.0936215	0.0443309	-0.1335904	-0.1574268	-0.0897056	-0.0420534
253.0500000	28.2199993	0.0001000	0.0001000	0.0001000	0.0001000	-0.0001000	-0.0001000	-0.0001000	-0.0001000	0.1181165	0.1410911	0.0224854	-0.0224035	-0.1182088	-0.1379947	-0.0210957	0.0202076
254.6000000	-3956.0000000	0.0001000	0.0001000	0.0001000	0.0001000	-0.0001000	-0.0001000	-0.0001000	-0.0001000	0.1263667	0.1506523	-0.0317690	-0.0828418	-0.1256684	-0.1463677	0.0307961	0.0745658
256.4000000	3976.0000000	0.0001000	0.0001000	0.0001000	0.0001000	-0.0001000	-0.0001000	-0.0001000	-0.0001000	0.1204903	0.1453453	0.0706281	0.0252118	-0.1212972	-0.1414243	-0.0653809	-0.0224337
257.9000000	28.1499996	0.0001000	0.0001000	0.0001000	0.0001000	-0.0001000	-0.0001000	-0.0001000	-0.0001000	0.1052652	0.1265924	0.0206412	-0.0208324	-0.1051861	-0.1224851	-0.0182711	0.0181136
259.4000000	-3955.0000000	0.0001000	0.0001000	0.0001000	0.0001000	-0.0001000	-0.0001000	-0.0001000	-0.0001000	0.1103883	0.1326171	-0.0119223	-0.0583593	-0.1089444	-0.1268246	0.0120344	0.0492341
261.2000000	3976.0000000	0.0001000	0.0001000	0.0001000	0.0001000	-0.0001000	-0.0001000	-0.0001000	-0.0001000	0.1020424	0.1238048	0.0461970	0.0065582	-0.1030543	-0.1188643	-0.0404020	-0.0042865
262.6500000	28.2600002	0.0001000	0.0001000	0.0001000	0.0001000	-0.0001000	-0.0001000	-0.0001000	-0.0001000	0.0881946	0.1065214	0.0177721	-0.0179728	-0.0877817	-0.1019083	-0.0148439	0.0151747
264.2000000	-3955.0000000	0.0001000	0.0001000	0.0001000	0.0001000	-0.0001000	-0.0001000	-0.0001000	-0.0001000	0.0901887	0.1086074	0.0035789	-0.0350829	-0.0885406	-0.1039951	-0.0023634	0.0275061
266.0000000	3975.0000000	0.0001000	0.0001000	0.0001000	0.0001000	-0.0001000	-0.0001000	-0.0001000	-0.0001000	0.0811450	0.0988923	0.0258144	-0.0064583	-0.0823515	-0.0940049	-0.0209583	0.0073630
267.4500000	28.2700005	0.0001000	0.0001000	0.0001000	0.0001000	-0.0001000	-0.0001000	-0.0001000	-0.0001000	0.0697881	0.0842079	0.0141904	-0.0141971	-0.0694156	-0.0804872	-0.0115560	0.0120687
269.0000000	-3955.0000000	0.0001000	0.0001000	0.0001000	0.0001000	-0.0001000	-0.0001000	-0.0001000	-0.0001000	0.0701230	0.0839452	0.0116593	-0.0178483	-0.0686410	-0.0810052	-0.0101271	0.0130653
270.7500000	3976.0000000	0.0001000	0.0001000	0.0001000	0.0001000	-0.0001000	-0.0001000	-0.0001000	-0.0001000	0.0622337	0.0757180	0.0124212	-0.0123167	-0.0632317	-0.0720004	-0.0090899	0.0126199
272.3000000	28.2099991	0.0001000	0.0001000	0.0001000	0.0001000	-0.0001000	-0.0001000	-0.0001000	-0.0001000	0.0533380	0.0640316	0.0106689	-0.0105791	-0.0532924	-0.0618098	-0.0088653	0.0092394
273.8000000	-3954.0000000	0.0001000	0.0001000	0.0001000	0.0001000	-0.0001000	-0.0001000	-0.0001000	-0.0001000	0.0532048	0.0630592	0.0137487	-0.0076199	-0.0520535	-0.0615195	-0.0125713	0.0050572
275.5500000	3974.0000000	0.0001000	0.0001000	0.0001000	0.0001000	-0.0001000	-0.0001000	-0.0001000	-0.0001000	0.0469630	0.0568326	0.0049779	-0.0132962	-0.0477995	-0.0544019	-0.0030967	0.0131559
277.1000000	28.2999992	0.0001000	0.0001000	0.0001000	0.0001000	-0.0001000	-0.0001000	-0.0001000	-0.0001000	0.0405062	0.0482686	0.0077893	-0.0077799	-0.0405724	-0.0470706	-0.0067975	0.0069034
278.6000000	-3954.0000000	0.0001000	0.0001000	0.0001000	0.0001000	-0.0001000	-0.0001000	-0.0001000	-0.0001000	0.0400164	0.0470510	0.0127958	-0.0025322	-0.0393270	-0.0464738	-0.0121278	0.0011704
280.3500000	3975.0000000	0.0001000	0.0001000	0.0001000	0.0001000	-0.0001000	-0.0001000	-0.0001000	-0.0001000	0.0354669	0.0425610	0.0012851	-0.0120854	-0.0360706	-0.0411547	-0.0004187	0.0117033
281.9000000	28.3899994	0.0001000	0.0001000	0.0001000	0.0001000	-0.0001000	-0.0001000	-0.0001000	-0.0001000	0.0307856	0.0364277	0.0056436	-0.0057826	-0.0308494	-0.0358047	-0.0052145	0.0051201
283.3500000	-3954.0000000	0.0001000	0.0001000	0.0001000	0.0001000	-0.0001000	-0.0001000	-0.0001000	-0.0001000	0.0302629	0.0354247	0.0108378	-0.0003268	-0.0298756	-0.0352192	-0.0105575	-0.0005216
285.1500000	3975.0000000	0.0001000	0.0001000	0.0001000	0.0001000	-0.0001000	-0.0001000	-0.0001000	-0.0001000	0.0269446	0.0320777	-0.0003744	-0.0102201	-0.0273842	-0.0313162	0.0006350	0.0097123
286.7000000	28.3400002	0.0001000	0.0001000	0.0001000	0.0001000	-0.0001000	-0.0001000	-0.0001000	-0.0001000	0.0235057	0.0276710	0.0040974	-0.0043712	-0.0236224	-0.0274024	-0.0040328	0.0037888
288.2000000	-3954.0000000	0.0001000	0.0001000	0.0001000	0.0001000	-0.0001000	-0.0001000	-0.0001000	-0.0001000	0.0229786	0.0268425	0.0087755	0.0005308	-0.0228560	-0.0268652	-0.0087551	-0.0011502
289.9500000	3974.0000000	0.0001000	0.0001000	0.0001000	0.0001000	-0.0001000	-0.0001000	-0.0001000	-0.0001000	0.0206008	0.0243569	-0.0010237	-0.0083520	-0.0209604	-0.0240199	0.0009452	0.0078135
291.4500000	28.3700008	0.0001000	0.0001000	0.0001000	0.0001000	-0.0001000	-0.0001000	-0.0001000	-0.0001000	0.0180831	0.0212090	0.0030027	-0.0033582	-0.0182705	-0.0211645	-0.0031416	0.0028274
293.0000000	-3954.0000000	0.0001000	0.0001000	0.0001000	0.0001000	-0.0001000	-0.0001000	-0.0001000	-0.0001000	0.0176183	0.0205501	0.0069648	0.0007948	-0.0176526	-0.0206783	-0.0070959	-0.0012963
294.7500000	3973.0000000	0.0001000	0.0001000	0.0001000	0.0001000	-0.0001000	-0.0001000	-0.0001000	-0.0001000	0.0158889	0.0186779	-0.0011983	-0.0067243	-0.0162280	-0.0186180	0.0009453	0.0061965
296.2500000	28.1100006	0.0001000	0.0001000	0.0001000	0.0001000	-0.0001000	-0.0001000	-0.0001000	-0.0001000	0.0140025	0.0163748	0.0022180	-0.0026139	-0.0142521	-0.0164957	-0.0024755	0.0021201
297.7500000	-3954.0000000	0.0001000	0.0001000	0.0001000	0.0001000	-0.0001000	-0.0001000	-0.0001000	-0.0001000	0.0136335	0.0158923	0.0054853	0.0007924	-0.0138024	-0.0161050	-0.0057106	-0.0012418
299.5500000	3974.0000000	0.0001000	0.0001000	0.0001000	0.0001000	-0.0001000	-0.0001000	-0.0001000	-0.0001000	0.0123576	0.0144634	-0.0011705	-0.0053859	-0.0126942	-0.0145668	0.0008275	0.0048774
301.0500000	28.2199993	0.0001000	0.0001000	0.0001000	0.0001000	-0.0001000	-0.0001000	-0.0001000	-0.0001000	0.0109409	0.0127643	0.0016470	-0.0020663	-0.0112396	-0.0129838	-0.0019769	0.0015981
302.5000000	-3953.0000000	0.0001000	0.0001000	0.0001000	0.0001000	-0.0001000	-0.0001000	-0.0001000	-0.0001000	0.0106265	0.0123722	0.0042947	0.0006902	-0.0108760	-0.0126580	-0.0045866	-0.0011142
304.3500000	3974.0000000	0.0001000	0.0001000	0.0001000	0.0001000	-0.0001000	-0.0001000	-0.0001000	-0.0001000	0.0096837	0.0112849	-0.0010694	-0.0043170	-0.0100303	-0.0115039	0.0006692	0.0038299
305.8500000	28.1700001	0.0001000	0.0001000	0.0001000	0.0001000	-0.0001000	-0.0001000	-0.0001000	-0.0001000	0.0085995	0.0100164	0.0012264	-0.0016519	-0.0089421	-0.0103108	-0.0015963	0.0012070
307.3500000	-3953.0000000	0.0001000	0.0001000	0.0001000	0.0001000	-0.0001000	-0.0001000	-0.0001000	-0.0001000	0.0083367	0.0097087	0.0033620	0.0005655	-0.0086590	-0.0100429	-0.0036878	-0.0009648
309.1000000	3974.0000000	0.0001000	0.0001000	0.0001000	0.0001000	-0.0001000	-0.0001000	-0.0001000	-0.0001000	0.0076223	0.0088604	-0.0009406	-0.0034663	-0.0079953	-0.0091636	0.0005176	0.0029968
310.6000000	28.1200008	0.0001000	0.0001000	0.0001000	0.0001000	-0.0001000	-0.0001000	-0.0001000	-0.0001000	0.0067961	0.0079043	0.0009123	-0.0013398	-0.0071748	-0.0082541	-0.0013050	0.0009092
312.1000000	-3953.0000000	0.0001000	0.0001000	0.0001000	0.0001000	-0.0001000	-0.0001000	-0.0001000	-0.0001000	0.0065830	0.0076671	0.0026331	0.0004426	-0.0069552	-0.0080424	-0.0029835	-0.0008261
313.9000000	3974.0000000	0.0001000	0.0001000	0.0001000	0.0001000	-0.0001000	-0.0001000	-0.0001000	-0.0001000	0.0060408	0.0070144	-0.0008225	-0.0028041	-0.0064427	-0.0073741	0.0003812	0.0023588
315.4000000	28.3600006	0.0001000	0.0001000	0.0001000	0.0001000	-0.0001000	-0.0001000	-0.0001000	-0.0001000	0.0054060	0.0062857	0.0006788	-0.0010994	-0.0058085	-0.0066752	-0.0010851	0.0006927
316.9000000	-3954.0000000	0.0001000	0.0001000	0.0001000	0.0001000	-0.0001000	-0.0001000	-0.0001000	-0.0001000	0.0052317	0.0060911	0.0020587	0.0003273	-0.0056361	-0.0064979	-0.0024326	-0.0007054
318.7000000	3974.0000000	0.0001000	0.0001000	0.0001000	0.0001000	-0.0001000	-0.0001000	-0.0001000	-0.0001000	0.0048155	0.0055837	-0.0007104	-0.0022780	-0.0052313	-0.0059853	0.0002705	0.0018606
320.2000000	28.3700008	0.0001000	0.0001000	0.0001000	0.0001000	-0.0001000	-0.0001000	-0.0001000	-0.0001000	0.0043218	0.0050254	0.0004989	-0.0009132	-0.0047435	-0.0054397	-0.0009136	0.0005248
321.7000000	-3953.0000000	0.0001000	0.0001000	0.0001000	0.0001000	-0.0001000	-0.0001000	-0.0001000	-0.0001000	0.0041788	0.0048720	0.0016148	0.0002447	-0.0046066	-0.0053024	-0.0019969	-0.0005998
323.4500000	3974.0000000	0.0001000	0.0001000	0.0001000	0.0001000	-0.0001000	-0.0001000	-0.0001000	-0.0001000	0.0038519	0.0044592	-0.0006266	-0.0018681	-0.0042897	-0.0048985	0.0001665	0.0014574
325.0000000	28.2000008	0.0001000	0.0001000	0.0001000	0.0001000	-0.0001000	-0.0001000	-0.0001000	-0.0001000	0.0034632	0.0040266	0.0003560	-0.0007696	-0.0039075	-0.0044699	-0.0007786	0.0003891
326.5000000	-3954.0000000	0.0001000	0.0001000	0.0001000	0.0001000	-0.0001000	-0.0001000	-0.0001000	-0.0001000	0.0033480	0.0039050	0.0012530	0.0001634	-0.0038030	-0.0043619	-0.0016556	-0.0005185
328.3000000	3974.0000000	0.0001000	0.0001000	0.0001000	0.0001000	-0.0001000	-0.0001000	-0.0001000	-0.0001000	0.0031007	0.0035846	-0.0005485	-0.0015405	-0.0035455	-0.0040445	0.0000927	0.0011473
329.8000000	28.2999992	0.0001000	0.0001000	0.0001000	0.0001000	-0.0001000	-0.0001000	-0.0001000	-0.0001000	0.0027892	0.0032424	0.0002492	-0.0006550	-0.0032498	-0.0037120	-0.0006763	0.0002873
331.3000000	-3954.0000000	0.0001000	0.0001000	0.0001000	0.0001000	-0.0001000	-0.0001000	-0.0001000	-0.0001000	0.0026913	0.0031435	0.0009783	0.0001054	-0.0031591	-0.0036169	-0.0013837	-0.0004475
333.1000000	3974.0000000	0.0001000	0.0001000	0.0001000	0.0001000	-0.0001000	-0.0001000	-0.0001000	-0.0001000	0.0024934	0.0028852	-0.0004904	-0.0012842	-0.0029559	-0.0033668	0.0000281	0.0009018
334.6000000	28.2099991	0.0001000	0.0001000	0.0001000	0.0001000	-0.0001000	-0.0001000	-0.0001000	-0.0001000	0.0022482	0.0026159	0.0001599	-0.0005673	-0.0027266	-0.0031083	-0.0005964	0.0002008
336.1000000	-3954.0000000	0.0001000	0.0001000	0.0001000	0.0001000	-0.0001000	-0.0001000	-0.0001000	-0.0001000	0.0021609	0.0025322	0.0007552	0.0000552	-0.0026569	-0.0030328	-0.0011706	-0.0003891
337.8500000	3974.0000000	0.0001000	0.0001000	0.0001000	0.0001000	-0.0001000	-0.0001000	-0.0001000	-0.0001000	0.0020080	0.0023243	-0.0004438	-0.0010780	-0.0024880	-0.0028350	-0.0000270	0.0007136
339.3500000	28.2800007	0.0001000	0.0001000	0.0001000	0.0001000	-0.0001000	-0.0001000	-0.0001000	-0.0001000	0.0018152	0.0021123	0.0000915	-0.0004934	-0.0023014	-0.0026207	-0.0005337	0.0001435
340.8000000	-3954.0000000	0.0001000	0.0001000	0.0001000	0.0001000	-0.0001000	-0.0001000	-0.0001000	-0.0001000	0.0017455	0.0020467	0.0005793	0.0000145	-0.0022526	-0.0025599	-0.0010020	-0.0003410
342.6500000	3974.0000000	0.0001000	0.0001000	0.0001000	0.0001000	-0.0001000	-0.0001000	-0.0001000	-0.0001000	0.0016277	0.0018858	-0.0004015	-0.0009071	-0.0021034	-0.0023977	-0.0000590	0.0005624
344.1000000	28.2000008	0.0001000	0.0001000	0.0001000	0.0001000	-0.0001000	-0.0001000	-0.0001000	-0.0001000	0.0014721	0.0017120	0.0000391	-0.0004250	-0.0019620	-0.0022290	-0.0004752	0.0001041
345.6000000	-3953.0000000	0.0001000	0.0001000	0.0001000	0.0001000	-0.0001000	-0.0001000	-0.0001000	-0.0001000	0.0014088	0.0016532	0.0004397	-0.0000076	-0.0019222	-0.0021791	-0.0008633	-0.0002975
347.4000000	3975.0000000	0.0001000	0.0001000	0.0001000	0.0001000	-0.0001000	-0.0001000	-0.0001000	-0.0001000	0.0013115	0.0015161	-0.0003731	-0.0007725	-0.0018056	-0.0020563	-0.0001016	0.0004424
348.9000000	28.2199993	0.0001000	0.0001000	0.0001000	0.0001000	-0.0001000	-0.0001000	-0.0001000	-0.0001000	0.0011772	0.0013779	-0.0000131	-0.0003792	-0.0016923	-0.0019235	-0.0004427	0.0000578
350.4000000	-3954.0000000	0.0001000	0.0001000	0.0001000	0.0001000	-0.0001000	-0.0001000	-0.0001000	-0.0001000	0.0011263	0.0013326	0.0003233	-0.0000313	-0.0016566	-0.0018805	-0.0007571	-0.0002606
