Temperature (K)	B-Field (Gauss)	sample I AB	sample I AD	sample I AC	sample I BD	sample I -AB	sample I -AD	sample I -AC	sample I -BD	Voltage DC	Voltage BC	Voltage BD	Voltage AC	Voltage -DC	Voltage -BC	Voltage -BD	Voltage -AC	
95.9900000	4000.0000000	0.0000100	0.0000100	0.0000100	0.0000100	-0.0000100	-0.0000100	-0.0000100	-0.0000100	0.0025427	0.0029310	0.0086130	0.0078516	-0.0025015	-0.0035738	-0.0097497	-0.0085584
97.2900000	28.0400009	0.0000100	0.0000100	0.0000100	0.0000100	-0.0000100	-0.0000100	-0.0000100	-0.0000100	0.0017738	0.0018123	-0.0001081	-0.0005976	-0.0017900	-0.0023924	-0.0009062	-0.0001289
98.5350000	-3983.0000000	0.0000100	0.0000100	0.0000100	0.0000100	-0.0000100	-0.0000100	-0.0000100	-0.0000100	0.0027131	0.0026972	-0.0086736	-0.0095763	-0.0026722	-0.0032361	0.0076412	0.0087872
100.1150000	3999.0000000	0.0000100	0.0000100	0.0000100	0.0000100	-0.0000100	-0.0000100	-0.0000100	-0.0000100	0.0027053	0.0031522	0.0087039	0.0078513	-0.0026819	-0.0037887	-0.0098194	-0.0085495
101.3800000	28.0799999	0.0000100	0.0000100	0.0000100	0.0000100	-0.0000100	-0.0000100	-0.0000100	-0.0000100	0.0019179	0.0019848	-0.0000806	-0.0006164	-0.0019303	-0.0025529	-0.0009256	-0.0000999
102.7300000	-3982.0000000	0.0000100	0.0000100	0.0000100	0.0000100	-0.0000100	-0.0000100	-0.0000100	-0.0000100	0.0028960	0.0029192	-0.0086629	-0.0096343	-0.0028633	-0.0034569	0.0076386	0.0088583
104.2900000	3998.0000000	0.0000100	0.0000100	0.0000100	0.0000100	-0.0000100	-0.0000100	-0.0000100	-0.0000100	0.0028956	0.0033862	0.0087739	0.0078541	-0.0028792	-0.0040121	-0.0098758	-0.0085473
105.5700000	27.9699993	0.0000100	0.0000100	0.0000100	0.0000100	-0.0000100	-0.0000100	-0.0000100	-0.0000100	0.0020662	0.0021696	-0.0000527	-0.0006427	-0.0020936	-0.0027405	-0.0009544	-0.0000690
106.9200000	-3980.0000000	0.0000100	0.0000100	0.0000100	0.0000100	-0.0000100	-0.0000100	-0.0000100	-0.0000100	0.0030828	0.0031481	-0.0086534	-0.0096933	-0.0030634	-0.0036856	0.0076431	0.0089365
108.4950000	3997.0000000	0.0000100	0.0000100	0.0000100	0.0000100	-0.0000100	-0.0000100	-0.0000100	-0.0000100	0.0030891	0.0036222	0.0088505	0.0078560	-0.0030837	-0.0042426	-0.0099323	-0.0085366
109.8250000	28.1700001	0.0000100	0.0000100	0.0000100	0.0000100	-0.0000100	-0.0000100	-0.0000100	-0.0000100	0.0022306	0.0023657	-0.0000148	-0.0006639	-0.0022642	-0.0029304	-0.0009755	-0.0000327
111.0850000	-3979.0000000	0.0000100	0.0000100	0.0000100	0.0000100	-0.0000100	-0.0000100	-0.0000100	-0.0000100	0.0032832	0.0033903	-0.0086373	-0.0097538	-0.0032744	-0.0039229	0.0076441	0.0090165
112.6600000	3995.0000000	0.0000100	0.0000100	0.0000100	0.0000100	-0.0000100	-0.0000100	-0.0000100	-0.0000100	0.0032956	0.0038735	0.0089293	0.0078524	-0.0032963	-0.0044906	-0.0099916	-0.0085250
113.9350000	28.1900005	0.0000100	0.0000100	0.0000100	0.0000100	-0.0000100	-0.0000100	-0.0000100	-0.0000100	0.0024045	0.0025745	0.0000248	-0.0006901	-0.0024389	-0.0031366	-0.0010061	0.0000001
115.2900000	-3977.0000000	0.0000100	0.0000100	0.0000100	0.0000100	-0.0000100	-0.0000100	-0.0000100	-0.0000100	0.0034901	0.0036434	-0.0086213	-0.0098258	-0.0034971	-0.0041827	0.0076405	0.0090918
116.9850000	3994.0000000	0.0000100	0.0000100	0.0000100	0.0000100	-0.0000100	-0.0000100	-0.0000100	-0.0000100	0.0035057	0.0041456	0.0090164	0.0078435	-0.0035283	-0.0047571	-0.0100595	-0.0085146
118.3100000	28.2500000	0.0000100	0.0000100	0.0000100	0.0000100	-0.0000100	-0.0000100	-0.0000100	-0.0000100	0.0025908	0.0028040	0.0000647	-0.0007254	-0.0026371	-0.0033666	-0.0010312	0.0000394
119.7300000	-3976.0000000	0.0000100	0.0000100	0.0000100	0.0000100	-0.0000100	-0.0000100	-0.0000100	-0.0000100	0.0037188	0.0039180	-0.0086099	-0.0098984	-0.0037445	-0.0044652	0.0076324	0.0091738
121.3950000	3993.0000000	0.0000100	0.0000100	0.0000100	0.0000100	-0.0000100	-0.0000100	-0.0000100	-0.0000100	0.0037436	0.0044341	0.0090930	0.0078290	-0.0037821	-0.0050464	-0.0101359	-0.0085027
122.6850000	28.2299995	0.0000100	0.0000100	0.0000100	0.0000100	-0.0000100	-0.0000100	-0.0000100	-0.0000100	0.0027949	0.0030492	0.0001053	-0.0007606	-0.0028476	-0.0036131	-0.0010720	0.0000820
124.0200000	-3974.0000000	0.0000100	0.0000100	0.0000100	0.0000100	-0.0000100	-0.0000100	-0.0000100	-0.0000100	0.0039556	0.0042078	-0.0085944	-0.0099734	-0.0039888	-0.0047493	0.0076292	0.0092580
125.6600000	3992.0000000	0.0000100	0.0000100	0.0000100	0.0000100	-0.0000100	-0.0000100	-0.0000100	-0.0000100	0.0039790	0.0047247	0.0091810	0.0078199	-0.0040221	-0.0053342	-0.0102110	-0.0084896
127.0700000	28.1499996	0.0000100	0.0000100	0.0000100	0.0000100	-0.0000100	-0.0000100	-0.0000100	-0.0000100	0.0029959	0.0032981	0.0001522	-0.0007973	-0.0030727	-0.0038698	-0.0011056	0.0001209
128.5200000	-3973.0000000	0.0000100	0.0000100	0.0000100	0.0000100	-0.0000100	-0.0000100	-0.0000100	-0.0000100	0.0042091	0.0045139	-0.0085748	-0.0100532	-0.0042577	-0.0050628	0.0076223	0.0093546
130.2400000	3991.0000000	0.0000100	0.0000100	0.0000100	0.0000100	-0.0000100	-0.0000100	-0.0000100	-0.0000100	0.0042458	0.0050498	0.0092834	0.0078169	-0.0043026	-0.0056575	-0.0102924	-0.0084746
131.5450000	28.2000008	0.0000100	0.0000100	0.0000100	0.0000100	-0.0000100	-0.0000100	-0.0000100	-0.0000100	0.0032352	0.0035815	0.0002025	-0.0008347	-0.0033080	-0.0041466	-0.0011499	0.0001670
132.9500000	-3972.0000000	0.0000100	0.0000100	0.0000100	0.0000100	-0.0000100	-0.0000100	-0.0000100	-0.0000100	0.0044722	0.0048294	-0.0085590	-0.0101379	-0.0045320	-0.0053809	0.0076196	0.0094517
134.6800000	3990.0000000	0.0000100	0.0000100	0.0000100	0.0000100	-0.0000100	-0.0000100	-0.0000100	-0.0000100	0.0045101	0.0053790	0.0093844	0.0078055	-0.0045809	-0.0059823	-0.0103760	-0.0084576
136.1200000	28.2099991	0.0000100	0.0000100	0.0000100	0.0000100	-0.0000100	-0.0000100	-0.0000100	-0.0000100	0.0034771	0.0038797	0.0002537	-0.0008812	-0.0035704	-0.0044490	-0.0011942	0.0002201
137.3850000	-3972.0000000	0.0000100	0.0000100	0.0000100	0.0000100	-0.0000100	-0.0000100	-0.0000100	-0.0000100	0.0047468	0.0051597	-0.0085454	-0.0102326	-0.0048221	-0.0057172	0.0076018	0.0095449
138.9450000	3989.0000000	0.0000100	0.0000100	0.0000100	0.0000100	-0.0000100	-0.0000100	-0.0000100	-0.0000100	0.0047823	0.0057081	0.0094848	0.0077997	-0.0048618	-0.0063102	-0.0104596	-0.0084385
140.2700000	28.2800007	0.0000100	0.0000100	0.0000100	0.0000100	-0.0000100	-0.0000100	-0.0000100	-0.0000100	0.0037184	0.0041707	0.0003092	-0.0009192	-0.0038138	-0.0047363	-0.0012362	0.0002689
141.5200000	-3971.0000000	0.0000100	0.0000100	0.0000100	0.0000100	-0.0000100	-0.0000100	-0.0000100	-0.0000100	0.0050172	0.0054891	-0.0085236	-0.0103186	-0.0050975	-0.0060388	0.0076016	0.0096483
143.1650000	3989.0000000	0.0000100	0.0000100	0.0000100	0.0000100	-0.0000100	-0.0000100	-0.0000100	-0.0000100	0.0050545	0.0060437	0.0095867	0.0077955	-0.0051449	-0.0066452	-0.0105472	-0.0084202
144.5950000	28.0400009	0.0000100	0.0000100	0.0000100	0.0000100	-0.0000100	-0.0000100	-0.0000100	-0.0000100	0.0039727	0.0044851	0.0003638	-0.0009588	-0.0040815	-0.0050496	-0.0012795	0.0003275
145.8750000	-3970.0000000	0.0000100	0.0000100	0.0000100	0.0000100	-0.0000100	-0.0000100	-0.0000100	-0.0000100	0.0053057	0.0058385	-0.0085072	-0.0104132	-0.0054029	-0.0063914	0.0075959	0.0097626
147.5200000	3988.0000000	0.0000100	0.0000100	0.0000100	0.0000100	-0.0000100	-0.0000100	-0.0000100	-0.0000100	0.0053482	0.0064109	0.0096986	0.0077887	-0.0054510	-0.0070045	-0.0106477	-0.0084021
148.9550000	28.3299999	0.0000100	0.0000100	0.0000100	0.0000100	-0.0000100	-0.0000100	-0.0000100	-0.0000100	0.0042456	0.0048152	0.0004222	-0.0010081	-0.0043678	-0.0053836	-0.0013298	0.0003851
150.2400000	-3969.0000000	0.0000100	0.0000100	0.0000100	0.0000100	-0.0000100	-0.0000100	-0.0000100	-0.0000100	0.0056094	0.0062062	-0.0084943	-0.0105124	-0.0057203	-0.0067667	0.0075944	0.0098819
151.9550000	3988.0000000	0.0000100	0.0000100	0.0000100	0.0000100	-0.0000100	-0.0000100	-0.0000100	-0.0000100	0.0056625	0.0067951	0.0098213	0.0077853	-0.0057824	-0.0073923	-0.0107585	-0.0083883
153.2600000	28.2700005	0.0000100	0.0000100	0.0000100	0.0000100	-0.0000100	-0.0000100	-0.0000100	-0.0000100	0.0045342	0.0051629	0.0004770	-0.0010602	-0.0046672	-0.0057357	-0.0013820	0.0004395
154.6750000	-3969.0000000	0.0000100	0.0000100	0.0000100	0.0000100	-0.0000100	-0.0000100	-0.0000100	-0.0000100	0.0059302	0.0065939	-0.0084794	-0.0106307	-0.0060516	-0.0071504	0.0075862	0.0099977
156.2250000	3987.0000000	0.0000100	0.0000100	0.0000100	0.0000100	-0.0000100	-0.0000100	-0.0000100	-0.0000100	0.0059792	0.0071753	0.0099374	0.0077710	-0.0061003	-0.0077676	-0.0108684	-0.0083896
157.5500000	28.2199993	0.0000100	0.0000100	0.0000100	0.0000100	-0.0000100	-0.0000100	-0.0000100	-0.0000100	0.0048264	0.0055153	0.0005400	-0.0011191	-0.0049552	-0.0060780	-0.0014326	0.0004995
158.9700000	-3968.0000000	0.0000100	0.0000100	0.0000100	0.0000100	-0.0000100	-0.0000100	-0.0000100	-0.0000100	0.0062366	0.0069641	-0.0084646	-0.0107466	-0.0063694	-0.0075234	0.0075848	0.0101092
160.5800000	3987.0000000	0.0000100	0.0000100	0.0000100	0.0000100	-0.0000100	-0.0000100	-0.0000100	-0.0000100	0.0062826	0.0075495	0.0100571	0.0077588	-0.0064178	-0.0081390	-0.0109752	-0.0083865
161.9950000	28.2900009	0.0000100	0.0000100	0.0000100	0.0000100	-0.0000100	-0.0000100	-0.0000100	-0.0000100	0.0051123	0.0058690	0.0006095	-0.0011826	-0.0052651	-0.0064379	-0.0014838	0.0005482
163.2850000	-3968.0000000	0.0000100	0.0000100	0.0000100	0.0000100	-0.0000100	-0.0000100	-0.0000100	-0.0000100	0.0065408	0.0073347	-0.0084560	-0.0108654	-0.0066856	-0.0078877	0.0075891	0.0102182
164.8500000	3986.0000000	0.0000100	0.0000100	0.0000100	0.0000100	-0.0000100	-0.0000100	-0.0000100	-0.0000100	0.0065812	0.0079260	0.0101921	0.0077537	-0.0067326	-0.0084985	-0.0110700	-0.0083801
166.1650000	28.2600002	0.0000100	0.0000100	0.0000100	0.0000100	-0.0000100	-0.0000100	-0.0000100	-0.0000100	0.0053940	0.0062135	0.0006832	-0.0012359	-0.0055588	-0.0067701	-0.0015179	0.0006019
167.5800000	-3967.0000000	0.0000100	0.0000100	0.0000100	0.0000100	-0.0000100	-0.0000100	-0.0000100	-0.0000100	0.0068471	0.0077142	-0.0084286	-0.0109789	-0.0070192	-0.0082642	0.0075997	0.0103435
169.1550000	3986.0000000	0.0000100	0.0000100	0.0000100	0.0000100	-0.0000100	-0.0000100	-0.0000100	-0.0000100	0.0068788	0.0083097	0.0103324	0.0077580	-0.0070796	-0.0089015	-0.0111800	-0.0083660
170.5200000	28.2500000	0.0000100	0.0000100	0.0000100	0.0000100	-0.0000100	-0.0000100	-0.0000100	-0.0000100	0.0056890	0.0065876	0.0007593	-0.0012784	-0.0059000	-0.0071632	-0.0015727	0.0006895
171.8000000	-3967.0000000	0.0000100	0.0000100	0.0000100	0.0000100	-0.0000100	-0.0000100	-0.0000100	-0.0000100	0.0071507	0.0080950	-0.0084139	-0.0110778	-0.0073768	-0.0086736	0.0076079	0.0105000
173.3900000	3985.0000000	0.0000100	0.0000100	0.0000100	0.0000100	-0.0000100	-0.0000100	-0.0000100	-0.0000100	0.0071914	0.0087050	0.0104720	0.0077810	-0.0074456	-0.0093217	-0.0112979	-0.0083348
174.8200000	28.1299992	0.0000100	0.0000100	0.0000100	0.0000100	-0.0000100	-0.0000100	-0.0000100	-0.0000100	0.0059999	0.0069730	0.0008297	-0.0013254	-0.0062645	-0.0075815	-0.0016320	0.0007703
176.1200000	-3966.0000000	0.0000100	0.0000100	0.0000100	0.0000100	-0.0000100	-0.0000100	-0.0000100	-0.0000100	0.0074956	0.0085124	-0.0084064	-0.0112092	-0.0077522	-0.0091127	0.0076174	0.0106487
177.6850000	3985.0000000	0.0000100	0.0000100	0.0000100	0.0000100	-0.0000100	-0.0000100	-0.0000100	-0.0000100	0.0075499	0.0091430	0.0106227	0.0077831	-0.0078212	-0.0097644	-0.0114358	-0.0083314
178.9600000	28.1599998	0.0000100	0.0000100	0.0000100	0.0000100	-0.0000100	-0.0000100	-0.0000100	-0.0000100	0.0063375	0.0073871	0.0009018	-0.0013910	-0.0066136	-0.0079934	-0.0016912	0.0008381
180.3200000	-3966.0000000	0.0000100	0.0000100	0.0000100	0.0000100	-0.0000100	-0.0000100	-0.0000100	-0.0000100	0.0078513	0.0089460	-0.0084003	-0.0113432	-0.0081199	-0.0095393	0.0076218	0.0107891
182.0100000	3984.0000000	0.0000100	0.0000100	0.0000100	0.0000100	-0.0000100	-0.0000100	-0.0000100	-0.0000100	0.0079247	0.0096028	0.0107736	0.0077795	-0.0082152	-0.0102222	-0.0115739	-0.0083308
183.3850000	28.2600002	0.0000100	0.0000100	0.0000100	0.0000100	-0.0000100	-0.0000100	-0.0000100	-0.0000100	0.0067123	0.0078465	0.0009830	-0.0014610	-0.0069982	-0.0084432	-0.0017583	0.0009058
184.6850000	-3965.0000000	0.0000100	0.0000100	0.0000100	0.0000100	-0.0000100	-0.0000100	-0.0000100	-0.0000100	0.0082371	0.0094158	-0.0083922	-0.0115038	-0.0085203	-0.0100123	0.0076278	0.0109417
186.2950000	3984.0000000	0.0000100	0.0000100	0.0000100	0.0000100	-0.0000100	-0.0000100	-0.0000100	-0.0000100	0.0083015	0.0100695	0.0109362	0.0077787	-0.0086028	-0.0106817	-0.0117116	-0.0083299
187.7450000	28.2299995	0.0000100	0.0000100	0.0000100	0.0000100	-0.0000100	-0.0000100	-0.0000100	-0.0000100	0.0070973	0.0083087	0.0010702	-0.0015363	-0.0073849	-0.0088993	-0.0018230	0.0009822
189.1850000	-3965.0000000	0.0000100	0.0000100	0.0000100	0.0000100	-0.0000100	-0.0000100	-0.0000100	-0.0000100	0.0086422	0.0099127	-0.0083796	-0.0116632	-0.0089407	-0.0104997	0.0076391	0.0111049
190.9200000	3984.0000000	0.0000100	0.0000100	0.0000100	0.0000100	-0.0000100	-0.0000100	-0.0000100	-0.0000100	0.0087309	0.0105945	0.0111100	0.0077801	-0.0090413	-0.0111998	-0.0118726	-0.0083324
192.3000000	28.0900002	0.0000100	0.0000100	0.0000100	0.0000100	-0.0000100	-0.0000100	-0.0000100	-0.0000100	0.0075132	0.0088153	0.0011615	-0.0016205	-0.0078153	-0.0094035	-0.0019028	0.0010668
193.6900000	-3964.0000000	0.0000100	0.0000100	0.0000100	0.0000100	-0.0000100	-0.0000100	-0.0000100	-0.0000100	0.0090671	0.0104264	-0.0083691	-0.0118318	-0.0093785	-0.0110091	0.0076481	0.0112726
195.3000000	3984.0000000	0.0000100	0.0000100	0.0000100	0.0000100	-0.0000100	-0.0000100	-0.0000100	-0.0000100	0.0091508	0.0111057	0.0112922	0.0077830	-0.0094650	-0.0116966	-0.0120234	-0.0083287
196.6050000	28.0900002	0.0000100	0.0000100	0.0000100	0.0000100	-0.0000100	-0.0000100	-0.0000100	-0.0000100	0.0079120	0.0093056	0.0012556	-0.0017008	-0.0082335	-0.0098863	-0.0019637	0.0011440
198.1050000	-3964.0000000	0.0000100	0.0000100	0.0000100	0.0000100	-0.0000100	-0.0000100	-0.0000100	-0.0000100	0.0094867	0.0109343	-0.0083596	-0.0119938	-0.0098116	-0.0115109	0.0076611	0.0114370
199.8900000	3984.0000000	0.0000100	0.0000100	0.0000100	0.0000100	-0.0000100	-0.0000100	-0.0000100	-0.0000100	0.0095873	0.0116424	0.0114695	0.0077791	-0.0099254	-0.0122317	-0.0121813	-0.0083298
201.4000000	28.1800003	0.0000100	0.0000100	0.0000100	0.0000100	-0.0000100	-0.0000100	-0.0000100	-0.0000100	0.0083684	0.0098651	0.0013488	-0.0017928	-0.0087152	-0.0104487	-0.0020438	0.0012319
202.9500000	-3964.0000000	0.0000100	0.0000100	0.0000100	0.0000100	-0.0000100	-0.0000100	-0.0000100	-0.0000100	0.0099553	0.0115057	-0.0083492	-0.0121777	-0.0103054	-0.0120766	0.0076702	0.0116182
204.7500000	3984.0000000	0.0000100	0.0000100	0.0000100	0.0000100	-0.0000100	-0.0000100	-0.0000100	-0.0000100	0.0100579	0.0122223	0.0116662	0.0077743	-0.0104262	-0.0128121	-0.0123495	-0.0083335
206.2500000	28.3799992	0.0000100	0.0000100	0.0000100	0.0000100	-0.0000100	-0.0000100	-0.0000100	-0.0000100	0.0088432	0.0104469	0.0014574	-0.0018807	-0.0092082	-0.0110214	-0.0021264	0.0013263
207.7500000	-3963.0000000	0.0000100	0.0000100	0.0000100	0.0000100	-0.0000100	-0.0000100	-0.0000100	-0.0000100	0.0104372	0.0120920	-0.0083310	-0.0123558	-0.0108052	-0.0126584	0.0076832	0.0118048
209.5000000	3983.0000000	0.0000100	0.0000100	0.0000100	0.0000100	-0.0000100	-0.0000100	-0.0000100	-0.0000100	0.0105527	0.0128207	0.0118553	0.0077749	-0.0109301	-0.0133987	-0.0125172	-0.0083198
211.0000000	28.2800007	0.0000100	0.0000100	0.0000100	0.0000100	-0.0000100	-0.0000100	-0.0000100	-0.0000100	0.0093341	0.0110425	0.0015643	-0.0019686	-0.0097138	-0.0116097	-0.0022049	0.0014288
212.5500000	-3963.0000000	0.0000100	0.0000100	0.0000100	0.0000100	-0.0000100	-0.0000100	-0.0000100	-0.0000100	0.0109342	0.0126921	-0.0083111	-0.0125311	-0.0113163	-0.0132432	0.0076947	0.0119896
214.3000000	3983.0000000	0.0000100	0.0000100	0.0000100	0.0000100	-0.0000100	-0.0000100	-0.0000100	-0.0000100	0.0110508	0.0134301	0.0120496	0.0077712	-0.0114516	-0.0139968	-0.0126796	-0.0083065
215.8000000	28.2199993	0.0000100	0.0000100	0.0000100	0.0000100	-0.0000100	-0.0000100	-0.0000100	-0.0000100	0.0098279	0.0116481	0.0016735	-0.0020578	-0.0102342	-0.0122042	-0.0022793	0.0015263
217.3000000	-3963.0000000	0.0000100	0.0000100	0.0000100	0.0000100	-0.0000100	-0.0000100	-0.0000100	-0.0000100	0.0114237	0.0132899	-0.0082800	-0.0126918	-0.0118351	-0.0138338	0.0076990	0.0121636
219.1500000	3983.0000000	0.0000100	0.0000100	0.0000100	0.0000100	-0.0000100	-0.0000100	-0.0000100	-0.0000100	0.0115456	0.0140353	0.0122386	0.0077592	-0.0119779	-0.0145904	-0.0128143	-0.0082841
220.6000000	28.2199993	0.0000100	0.0000100	0.0000100	0.0000100	-0.0000100	-0.0000100	-0.0000100	-0.0000100	0.0103179	0.0122541	0.0017945	-0.0021354	-0.0107655	-0.0127961	-0.0023389	0.0016353
222.1500000	-3963.0000000	0.0000100	0.0000100	0.0000100	0.0000100	-0.0000100	-0.0000100	-0.0000100	-0.0000100	0.0118583	0.0138595	-0.0081867	-0.0127715	-0.0124094	-0.0144268	0.0077361	0.0123741
223.9500000	3982.0000000	0.0000100	0.0000100	0.0000100	0.0000100	-0.0000100	-0.0000100	-0.0000100	-0.0000100	0.0119816	0.0146261	0.0124450	0.0077952	-0.0125517	-0.0151872	-0.0128932	-0.0081862
225.4500000	28.2500000	0.0000100	0.0000100	0.0000100	0.0000100	-0.0000100	-0.0000100	-0.0000100	-0.0000100	0.0107797	0.0128585	0.0019407	-0.0021708	-0.0113380	-0.0134119	-0.0023886	0.0017708
226.9500000	-3963.0000000	0.0000100	0.0000100	0.0000100	0.0000100	-0.0000100	-0.0000100	-0.0000100	-0.0000100	0.0123696	0.0144870	-0.0081277	-0.0128996	-0.0129304	-0.0150348	0.0076829	0.0124879
228.7500000	3982.0000000	0.0000100	0.0000100	0.0000100	0.0000100	-0.0000100	-0.0000100	-0.0000100	-0.0000100	0.0125106	0.0152381	0.0125446	0.0077095	-0.0130783	-0.0157940	-0.0129895	-0.0081189
230.2000000	28.2500000	0.0000100	0.0000100	0.0000100	0.0000100	-0.0000100	-0.0000100	-0.0000100	-0.0000100	0.0112980	0.0134708	0.0020263	-0.0022681	-0.0118596	-0.0140203	-0.0024761	0.0018487
231.7000000	-3962.0000000	0.0000100	0.0000100	0.0000100	0.0000100	-0.0000100	-0.0000100	-0.0000100	-0.0000100	0.0128719	0.0150805	-0.0080109	-0.0129488	-0.0134241	-0.0156157	0.0075614	0.0125116
233.6000000	3982.0000000	0.0000100	0.0000100	0.0000100	0.0000100	-0.0000100	-0.0000100	-0.0000100	-0.0000100	0.0130218	0.0158219	0.0125483	0.0075476	-0.0135739	-0.0163539	-0.0129704	-0.0079454
235.1500000	28.1599998	0.0000100	0.0000100	0.0000100	0.0000100	-0.0000100	-0.0000100	-0.0000100	-0.0000100	0.0117949	0.0140490	0.0021065	-0.0023592	-0.0123407	-0.0145747	-0.0025447	0.0019276
236.6500000	-3962.0000000	0.0000100	0.0000100	0.0000100	0.0000100	-0.0000100	-0.0000100	-0.0000100	-0.0000100	0.0133367	0.0156300	-0.0077586	-0.0128436	-0.0138698	-0.0161367	0.0073015	0.0123778
238.4000000	3982.0000000	0.0000100	0.0000100	0.0000100	0.0000100	-0.0000100	-0.0000100	-0.0000100	-0.0000100	0.0134385	0.0162872	0.0123540	0.0072165	-0.0139722	-0.0167888	-0.0127449	-0.0076095
239.9000000	28.2900009	0.0000100	0.0000100	0.0000100	0.0000100	-0.0000100	-0.0000100	-0.0000100	-0.0000100	0.0121848	0.0144946	0.0021634	-0.0024262	-0.0127064	-0.0149931	-0.0026013	0.0019753
241.4000000	-3962.0000000	0.0000100	0.0000100	0.0000100	0.0000100	-0.0000100	-0.0000100	-0.0000100	-0.0000100	0.0136362	0.0159970	-0.0072637	-0.0124393	-0.0141505	-0.0164815	0.0067810	0.0119148
243.1500000	3982.0000000	0.0000100	0.0000100	0.0000100	0.0000100	-0.0000100	-0.0000100	-0.0000100	-0.0000100	0.0136638	0.0165092	0.0117710	0.0065591	-0.0141713	-0.0169702	-0.0121197	-0.0069357
244.7000000	28.2500000	0.0000100	0.0000100	0.0000100	0.0000100	-0.0000100	-0.0000100	-0.0000100	-0.0000100	0.0123474	0.0146831	0.0021853	-0.0024645	-0.0128417	-0.0151425	-0.0026155	0.0019958
246.2000000	-3962.0000000	0.0000100	0.0000100	0.0000100	0.0000100	-0.0000100	-0.0000100	-0.0000100	-0.0000100	0.0136519	0.0160533	-0.0063375	-0.0115145	-0.0141306	-0.0164879	0.0058164	0.0109121
248.0000000	3982.0000000	0.0000100	0.0000100	0.0000100	0.0000100	-0.0000100	-0.0000100	-0.0000100	-0.0000100	0.0135260	0.0162891	0.0105916	0.0054162	-0.0139908	-0.0166861	-0.0108652	-0.0057491
249.5000000	28.1700001	0.0000100	0.0000100	0.0000100	0.0000100	-0.0000100	-0.0000100	-0.0000100	-0.0000100	0.0121141	0.0144126	0.0021455	-0.0024453	-0.0125556	-0.0148018	-0.0025491	0.0019650
251.0000000	-3962.0000000	0.0000100	0.0000100	0.0000100	0.0000100	-0.0000100	-0.0000100	-0.0000100	-0.0000100	0.0131765	0.0155587	-0.0048294	-0.0098494	-0.0135819	-0.0159077	0.0042756	0.0091556
252.8000000	3982.0000000	0.0000100	0.0000100	0.0000100	0.0000100	-0.0000100	-0.0000100	-0.0000100	-0.0000100	0.0128102	0.0153828	0.0086446	0.0036838	-0.0132134	-0.0156892	-0.0088382	-0.0039795
254.3000000	28.2399998	0.0000100	0.0000100	0.0000100	0.0000100	-0.0000100	-0.0000100	-0.0000100	-0.0000100	0.0113001	0.0134565	0.0020027	-0.0023377	-0.0116805	-0.0137718	-0.0023872	0.0018260
255.8000000	-3962.0000000	0.0000100	0.0000100	0.0000100	0.0000100	-0.0000100	-0.0000100	-0.0000100	-0.0000100	0.0120193	0.0142588	-0.0028731	-0.0075071	-0.0123654	-0.0145442	0.0023081	0.0067468
257.5500000	3982.0000000	0.0000100	0.0000100	0.0000100	0.0000100	-0.0000100	-0.0000100	-0.0000100	-0.0000100	0.0113945	0.0136612	0.0061407	0.0016619	-0.0117577	-0.0138969	-0.0063142	-0.0019754
259.1000000	28.2199993	0.0000100	0.0000100	0.0000100	0.0000100	-0.0000100	-0.0000100	-0.0000100	-0.0000100	0.0098728	0.0117790	0.0017399	-0.0021140	-0.0102182	-0.0120402	-0.0021114	0.0015805
260.5500000	-3962.0000000	0.0000100	0.0000100	0.0000100	0.0000100	-0.0000100	-0.0000100	-0.0000100	-0.0000100	0.0102526	0.0122145	-0.0009632	-0.0049671	-0.0105535	-0.0124497	0.0004354	0.0042265
262.3500000	3981.0000000	0.0000100	0.0000100	0.0000100	0.0000100	-0.0000100	-0.0000100	-0.0000100	-0.0000100	0.0094894	0.0113558	0.0036977	-0.0000780	-0.0098150	-0.0115510	-0.0038991	-0.0002927
264.0000000	28.0799999	0.0000100	0.0000100	0.0000100	0.0000100	-0.0000100	-0.0000100	-0.0000100	-0.0000100	0.0080566	0.0096195	0.0013866	-0.0017926	-0.0083925	-0.0098774	-0.0017553	0.0012594
265.5000000	-3961.0000000	0.0000100	0.0000100	0.0000100	0.0000100	-0.0000100	-0.0000100	-0.0000100	-0.0000100	0.0081760	0.0097557	0.0003779	-0.0028367	-0.0084709	-0.0099978	-0.0008428	0.0021725
267.2500000	3981.0000000	0.0000100	0.0000100	0.0000100	0.0000100	-0.0000100	-0.0000100	-0.0000100	-0.0000100	0.0074190	0.0088686	0.0018222	-0.0011311	-0.0077557	-0.0090883	-0.0021011	0.0007002
268.8000000	28.1900005	0.0000100	0.0000100	0.0000100	0.0000100	-0.0000100	-0.0000100	-0.0000100	-0.0000100	0.0062843	0.0074979	0.0010281	-0.0014520	-0.0066280	-0.0077817	-0.0014027	0.0009299
270.2000000	-3962.0000000	0.0000100	0.0000100	0.0000100	0.0000100	-0.0000100	-0.0000100	-0.0000100	-0.0000100	0.0062647	0.0074766	0.0009737	-0.0014818	-0.0065943	-0.0077634	-0.0014088	0.0009010
272.0000000	3981.0000000	0.0000100	0.0000100	0.0000100	0.0000100	-0.0000100	-0.0000100	-0.0000100	-0.0000100	0.0056349	0.0067175	0.0007099	-0.0015132	-0.0059845	-0.0069841	-0.0010516	0.0010515
273.5000000	28.1800003	0.0000100	0.0000100	0.0000100	0.0000100	-0.0000100	-0.0000100	-0.0000100	-0.0000100	0.0047869	0.0057042	0.0007229	-0.0011565	-0.0051411	-0.0060024	-0.0011088	0.0006523
275.0000000	-3961.0000000	0.0000100	0.0000100	0.0000100	0.0000100	-0.0000100	-0.0000100	-0.0000100	-0.0000100	0.0046968	0.0056032	0.0010991	-0.0007374	-0.0050632	-0.0059378	-0.0015068	0.0002174
276.8000000	3981.0000000	0.0000100	0.0000100	0.0000100	0.0000100	-0.0000100	-0.0000100	-0.0000100	-0.0000100	0.0042047	0.0050032	0.0001210	-0.0015227	-0.0045868	-0.0053305	-0.0005153	0.0010401
278.3000000	28.2700005	0.0000100	0.0000100	0.0000100	0.0000100	-0.0000100	-0.0000100	-0.0000100	-0.0000100	0.0035741	0.0042571	0.0004714	-0.0009226	-0.0039665	-0.0046120	-0.0008827	0.0004273
279.8000000	-3961.0000000	0.0000100	0.0000100	0.0000100	0.0000100	-0.0000100	-0.0000100	-0.0000100	-0.0000100	0.0034938	0.0041626	0.0009846	-0.0003725	-0.0038934	-0.0045319	-0.0013945	-0.0001156
281.5500000	3981.0000000	0.0000100	0.0000100	0.0000100	0.0000100	-0.0000100	-0.0000100	-0.0000100	-0.0000100	0.0031299	0.0037130	-0.0001595	-0.0013730	-0.0035317	-0.0040837	-0.0002630	0.0008840
283.1000000	28.2299995	0.0000100	0.0000100	0.0000100	0.0000100	-0.0000100	-0.0000100	-0.0000100	-0.0000100	0.0026656	0.0031752	0.0002961	-0.0007422	-0.0030819	-0.0035649	-0.0007106	0.0002653
284.6000000	-3961.0000000	0.0000100	0.0000100	0.0000100	0.0000100	-0.0000100	-0.0000100	-0.0000100	-0.0000100	0.0025948	0.0030922	0.0008088	-0.0002042	-0.0030093	-0.0034894	-0.0012104	-0.0002607
286.4000000	3980.0000000	0.0000100	0.0000100	0.0000100	0.0000100	-0.0000100	-0.0000100	-0.0000100	-0.0000100	0.0023237	0.0027558	-0.0002774	-0.0011756	-0.0027479	-0.0031620	-0.0001590	0.0006966
287.9000000	28.1700001	0.0000100	0.0000100	0.0000100	0.0000100	-0.0000100	-0.0000100	-0.0000100	-0.0000100	0.0019898	0.0023669	0.0001678	-0.0006097	-0.0024211	-0.0027847	-0.0005872	0.0001475
289.4000000	-3961.0000000	0.0000100	0.0000100	0.0000100	0.0000100	-0.0000100	-0.0000100	-0.0000100	-0.0000100	0.0019191	0.0022982	0.0006176	-0.0001361	-0.0023669	-0.0027205	-0.0010302	-0.0003126
291.1500000	3980.0000000	0.0000100	0.0000100	0.0000100	0.0000100	-0.0000100	-0.0000100	-0.0000100	-0.0000100	0.0017251	0.0020490	-0.0003242	-0.0009932	-0.0021651	-0.0024778	-0.0001214	0.0005239
292.7000000	28.2099991	0.0000100	0.0000100	0.0000100	0.0000100	-0.0000100	-0.0000100	-0.0000100	-0.0000100	0.0014821	0.0017701	0.0000750	-0.0005158	-0.0019257	-0.0022041	-0.0005007	0.0000606
294.2000000	-3961.0000000	0.0000100	0.0000100	0.0000100	0.0000100	-0.0000100	-0.0000100	-0.0000100	-0.0000100	0.0014250	0.0017104	0.0004520	-0.0001172	-0.0018820	-0.0021519	-0.0008650	-0.0003192
295.9500000	3980.0000000	0.0000100	0.0000100	0.0000100	0.0000100	-0.0000100	-0.0000100	-0.0000100	-0.0000100	0.0012780	0.0015214	-0.0003313	-0.0008335	-0.0017332	-0.0019764	-0.0001219	0.0003773
297.5000000	28.3299999	0.0000100	0.0000100	0.0000100	0.0000100	-0.0000100	-0.0000100	-0.0000100	-0.0000100	0.0010991	0.0013193	0.0000036	-0.0004431	-0.0015580	-0.0017731	-0.0004348	0.0000007
298.9500000	-3961.0000000	0.0000100	0.0000100	0.0000100	0.0000100	-0.0000100	-0.0000100	-0.0000100	-0.0000100	0.0010546	0.0012783	0.0003180	-0.0001118	-0.0015248	-0.0017317	-0.0007319	-0.0003091
300.7500000	3981.0000000	0.0000100	0.0000100	0.0000100	0.0000100	-0.0000100	-0.0000100	-0.0000100	-0.0000100	0.0009455	0.0011310	-0.0003213	-0.0007043	-0.0014104	-0.0015993	-0.0001296	0.0002600
302.2500000	28.1900005	0.0000100	0.0000100	0.0000100	0.0000100	-0.0000100	-0.0000100	-0.0000100	-0.0000100	0.0008085	0.0009707	-0.0000500	-0.0003859	-0.0012819	-0.0014446	-0.0003858	-0.0000450
303.8000000	-3961.0000000	0.0000100	0.0000100	0.0000100	0.0000100	-0.0000100	-0.0000100	-0.0000100	-0.0000100	0.0007724	0.0009415	0.0002061	-0.0001230	-0.0012586	-0.0014179	-0.0006285	-0.0002955
305.5500000	3981.0000000	0.0000100	0.0000100	0.0000100	0.0000100	-0.0000100	-0.0000100	-0.0000100	-0.0000100	0.0006927	0.0008313	-0.0003137	-0.0006038	-0.0011709	-0.0013189	-0.0001499	0.0001640
307.0500000	28.1399994	0.0000100	0.0000100	0.0000100	0.0000100	-0.0000100	-0.0000100	-0.0000100	-0.0000100	0.0005842	0.0007153	-0.0000926	-0.0003509	-0.0010737	-0.0012015	-0.0003536	-0.0000779
308.5500000	-3961.0000000	0.0000100	0.0000100	0.0000100	0.0000100	-0.0000100	-0.0000100	-0.0000100	-0.0000100	0.0005521	0.0006872	0.0001146	-0.0001379	-0.0010503	-0.0011761	-0.0005480	-0.0002790
310.3500000	3981.0000000	0.0000100	0.0000100	0.0000100	0.0000100	-0.0000100	-0.0000100	-0.0000100	-0.0000100	0.0004942	0.0006026	-0.0003014	-0.0005201	-0.0009823	-0.0011045	-0.0001626	0.0000883
311.8000000	28.1299992	0.0000100	0.0000100	0.0000100	0.0000100	-0.0000100	-0.0000100	-0.0000100	-0.0000100	0.0004139	0.0005174	-0.0001169	-0.0003134	-0.0009063	-0.0010145	-0.0003270	-0.0001016
313.3500000	-3961.0000000	0.0000100	0.0000100	0.0000100	0.0000100	-0.0000100	-0.0000100	-0.0000100	-0.0000100	0.0003818	0.0004904	0.0000451	-0.0001460	-0.0008960	-0.0009937	-0.0004818	-0.0002642
315.1500000	3981.0000000	0.0000100	0.0000100	0.0000100	0.0000100	-0.0000100	-0.0000100	-0.0000100	-0.0000100	0.0003468	0.0004256	-0.0002910	-0.0004542	-0.0008394	-0.0009379	-0.0001767	0.0000308
316.6000000	28.1499996	0.0000100	0.0000100	0.0000100	0.0000100	-0.0000100	-0.0000100	-0.0000100	-0.0000100	0.0002842	0.0003598	-0.0001452	-0.0002938	-0.0007816	-0.0008687	-0.0003058	-0.0001202
318.1000000	-3961.0000000	0.0000100	0.0000100	0.0000100	0.0000100	-0.0000100	-0.0000100	-0.0000100	-0.0000100	0.0002615	0.0003450	-0.0000072	-0.0001450	-0.0007716	-0.0008517	-0.0004317	-0.0002437
319.9000000	3980.0000000	0.0000100	0.0000100	0.0000100	0.0000100	-0.0000100	-0.0000100	-0.0000100	-0.0000100	0.0002293	0.0002894	-0.0002799	-0.0003983	-0.0007262	-0.0008079	-0.0001871	-0.0000075
321.4000000	28.1800003	0.0000100	0.0000100	0.0000100	0.0000100	-0.0000100	-0.0000100	-0.0000100	-0.0000100	0.0001741	0.0002381	-0.0001582	-0.0002675	-0.0006847	-0.0007547	-0.0002923	-0.0001326
322.9000000	-3961.0000000	0.0000100	0.0000100	0.0000100	0.0000100	-0.0000100	-0.0000100	-0.0000100	-0.0000100	0.0001585	0.0002272	-0.0000475	-0.0001536	-0.0006751	-0.0007446	-0.0003914	-0.0002322
324.7000000	3980.0000000	0.0000100	0.0000100	0.0000100	0.0000100	-0.0000100	-0.0000100	-0.0000100	-0.0000100	0.0001392	0.0001796	-0.0002789	-0.0003616	-0.0006362	-0.0007122	-0.0002018	-0.0000484
326.1500000	28.3199997	0.0000100	0.0000100	0.0000100	0.0000100	-0.0000100	-0.0000100	-0.0000100	-0.0000100	0.0000929	0.0001407	-0.0001761	-0.0002534	-0.0006070	-0.0006664	-0.0002821	-0.0001435
327.6500000	-3961.0000000	0.0000100	0.0000100	0.0000100	0.0000100	-0.0000100	-0.0000100	-0.0000100	-0.0000100	0.0000787	0.0001309	-0.0000821	-0.0001548	-0.0006024	-0.0006564	-0.0003593	-0.0002200
329.4500000	3981.0000000	0.0000100	0.0000100	0.0000100	0.0000100	-0.0000100	-0.0000100	-0.0000100	-0.0000100	0.0000655	0.0000946	-0.0002685	-0.0003212	-0.0005707	-0.0006351	-0.0002087	-0.0000672
330.9500000	28.0599995	0.0000100	0.0000100	0.0000100	0.0000100	-0.0000100	-0.0000100	-0.0000100	-0.0000100	0.0000259	0.0000598	-0.0001905	-0.0002353	-0.0005508	-0.0006040	-0.0002755	-0.0001434
332.4500000	-3960.0000000	0.0000100	0.0000100	0.0000100	0.0000100	-0.0000100	-0.0000100	-0.0000100	-0.0000100	0.0000087	0.0000518	-0.0001135	-0.0001552	-0.0005519	-0.0005994	-0.0003392	-0.0002066
334.2000000	3981.0000000	0.0000100	0.0000100	0.0000100	0.0000100	-0.0000100	-0.0000100	-0.0000100	-0.0000100	0.0000011	0.0000191	-0.0002679	-0.0002916	-0.0005180	-0.0005824	-0.0002190	-0.0000858
335.7000000	28.1200008	0.0000100	0.0000100	0.0000100	0.0000100	-0.0000100	-0.0000100	-0.0000100	-0.0000100	-0.0000273	-0.0000016	-0.0001945	-0.0002199	-0.0005037	-0.0005513	-0.0002686	-0.0001423
337.2000000	-3960.0000000	0.0000100	0.0000100	0.0000100	0.0000100	-0.0000100	-0.0000100	-0.0000100	-0.0000100	-0.0000412	-0.0000116	-0.0001313	-0.0001503	-0.0005042	-0.0005471	-0.0003169	-0.0001913
339.0000000	3981.0000000	0.0000100	0.0000100	0.0000100	0.0000100	-0.0000100	-0.0000100	-0.0000100	-0.0000100	-0.0000444	-0.0000404	-0.0002689	-0.0002668	-0.0004799	-0.0005345	-0.0002289	-0.0000961
340.5000000	28.1700001	0.0000100	0.0000100	0.0000100	0.0000100	-0.0000100	-0.0000100	-0.0000100	-0.0000100	-0.0000733	-0.0000612	-0.0002108	-0.0002071	-0.0004703	-0.0005159	-0.0002668	-0.0001376
342.0000000	-3958.0000000	0.0000100	0.0000100	0.0000100	0.0000100	-0.0000100	-0.0000100	-0.0000100	-0.0000100	-0.0000888	-0.0000641	-0.0001507	-0.0001422	-0.0004702	-0.0005104	-0.0003054	-0.0001728
343.7500000	3981.0000000	0.0000100	0.0000100	0.0000100	0.0000100	-0.0000100	-0.0000100	-0.0000100	-0.0000100	-0.0000896	-0.0000930	-0.0002691	-0.0002374	-0.0004474	-0.0005050	-0.0002355	-0.0000955
345.3000000	28.2700005	0.0000100	0.0000100	0.0000100	0.0000100	-0.0000100	-0.0000100	-0.0000100	-0.0000100	-0.0001073	-0.0001053	-0.0002162	-0.0001858	-0.0004422	-0.0004858	-0.0002649	-0.0001335
346.8000000	-3961.0000000	0.0000100	0.0000100	0.0000100	0.0000100	-0.0000100	-0.0000100	-0.0000100	-0.0000100	-0.0001279	-0.0001173	-0.0001702	-0.0001322	-0.0004464	-0.0004871	-0.0002948	-0.0001568
348.5500000	3980.0000000	0.0000100	0.0000100	0.0000100	0.0000100	-0.0000100	-0.0000100	-0.0000100	-0.0000100	-0.0001173	-0.0001317	-0.0002653	-0.0002108	-0.0004197	-0.0004798	-0.0002406	-0.0000903
350.0500000	29.6200008	0.0000100	0.0000100	0.0000100	0.0000100	-0.0000100	-0.0000100	-0.0000100	-0.0000100	-0.0001425	-0.0001486	-0.0002222	-0.0001634	-0.0004193	-0.0004672	-0.0002664	-0.0001238
351.5500000	-3960.0000000	0.0000100	0.0000100	0.0000100	0.0000100	-0.0000100	-0.0000100	-0.0000100	-0.0000100	-0.0001598	-0.0001587	-0.0001846	-0.0001153	-0.0004296	-0.0004697	-0.0002870	-0.0001341
