-0.0006	0.0330
-0.0005	0.0251
-0.0004	0.0245
-0.0004	0.0238
-0.0003	0.0250
-0.0002	0.0261
-0.0001	0.0287
-0.0000	0.0325
0.0000	0.0348
0.0002	0.0364
0.0002	0.0389
0.0003	0.0407
0.0004	0.0399
0.0005	0.0386
0.0005	0.0364
0.0005	0.0338
0.0006	0.0300
0.0006	0.0269
0.0007	0.0250
0.0008	0.0226
0.0007	0.0204
0.0007	0.0183
0.0007	0.0182
0.0006	0.0172
0.0006	0.0168
0.0006	0.0173
0.0006	0.0167
0.0006	0.0163
0.0005	0.0178
0.0005	0.0185
0.0005	0.0160
0.0005	0.0129
0.0005	0.0116
0.0006	0.0118
0.0005	0.0126
0.0005	0.0130
0.0005	0.0135
0.0005	0.0144
0.0005	0.0133
0.0004	0.0128
0.0004	0.0140
0.0004	0.0146
0.0003	0.0133
0.0004	0.0109
0.0004	0.0081
0.0003	0.0063
0.0003	0.0047
0.0003	0.0026
0.0002	0.0020
0.0002	0.0009
0.0002	0.0001
0.0001	0.0008
0.0001	0.0022
0.0001	0.0040
0.0000	0.0056
0.0000	0.0063
0.0001	0.0060
-0.0000	0.0044
-0.0000	0.0033
-0.0001	0.0026
-0.0000	0.0016
-0.0000	0.0013
-0.0001	0.0006
-0.0001	0.0012
-0.0001	0.0037
-0.0001	0.0063
-0.0001	0.0095
-0.0001	0.0128
-0.0001	0.0132
-0.0002	0.0129
-0.0000	0.0138
-0.0000	0.0142
-0.0000	0.0119
-0.0001	0.0070
-0.0001	0.0011
-0.0001	-0.0040
-0.0002	-0.0105
-0.0002	-0.0152
-0.0003	-0.0185
-0.0004	-0.0238
-0.0005	-0.0274
-0.0006	-0.0286
-0.0007	-0.0302
-0.0008	-0.0304
-0.0008	-0.0281
-0.0009	-0.0268
-0.0010	-0.0261
-0.0011	-0.0269
-0.0011	-0.0259
-0.0012	-0.0249
-0.0013	-0.0255
-0.0013	-0.0236
-0.0013	-0.0209
-0.0013	-0.0194
-0.0013	-0.0174
-0.0014	-0.0149
-0.0013	-0.0124
-0.0013	-0.0111
-0.0013	-0.0114
-0.0013	-0.0132
-0.0013	-0.0141
-0.0013	-0.0148
-0.0013	-0.0159
-0.0013	-0.0198
-0.0014	-0.0238
-0.0014	-0.0277
-0.0014	-0.0309
-0.0016	-0.0350
-0.0016	-0.0374
-0.0017	-0.0398
-0.0018	-0.0431
-0.0018	-0.0466
-0.0019	-0.0484
-0.0020	-0.0490
-0.0021	-0.0483
-0.0021	-0.0486
-0.0023	-0.0494
-0.0023	-0.0508
-0.0024	-0.0523
-0.0025	-0.0515
-0.0025	-0.0519
-0.0025	-0.0512
-0.0026	-0.0467
-0.0026	-0.0411
-0.0026	-0.0375
-0.0026	-0.0346
-0.0026	-0.0325
-0.0026	-0.0302
-0.0026	-0.0284
-0.0025	-0.0267
-0.0025	-0.0262
-0.0025	-0.0265
-0.0025	-0.0270
-0.0025	-0.0283
-0.0024	-0.0286
-0.0024	-0.0293
-0.0024	-0.0319
-0.0024	-0.0356
-0.0025	-0.0397
-0.0025	-0.0449
-0.0025	-0.0470
-0.0026	-0.0483
-0.0026	-0.0473
-0.0027	-0.0453
-0.0027	-0.0444
-0.0027	-0.0438
-0.0027	-0.0426
-0.0028	-0.0428
-0.0027	-0.0423
-0.0028	-0.0415
-0.0028	-0.0413
-0.0028	-0.0410
-0.0028	-0.0406
-0.0028	-0.0398
-0.0029	-0.0398
-0.0028	-0.0410
-0.0028	-0.0401
-0.0029	-0.0408
-0.0028	-0.0408
-0.0029	-0.0404
-0.0028	-0.0393
-0.0028	-0.0380
-0.0029	-0.0340
-0.0028	-0.0305
-0.0027	-0.0260
-0.0027	-0.0218
-0.0026	-0.0190
-0.0025	-0.0168
-0.0025	-0.0154
-0.0025	-0.0145
-0.0024	-0.0135
-0.0023	-0.0125
-0.0023	-0.0128
-0.0022	-0.0131
-0.0022	-0.0148
-0.0021	-0.0172
-0.0021	-0.0182
-0.0021	-0.0194
-0.0021	-0.0203
-0.0021	-0.0200
-0.0020	-0.0198
-0.0020	-0.0195
-0.0019	-0.0191
-0.0020	-0.0175
-0.0020	-0.0147
-0.0019	-0.0131
-0.0019	-0.0133
-0.0018	-0.0143
-0.0018	-0.0154
-0.0018	-0.0168
-0.0018	-0.0176
-0.0018	-0.0187
-0.0018	-0.0196
-0.0018	-0.0230
-0.0018	-0.0250
-0.0018	-0.0273
-0.0018	-0.0292
-0.0019	-0.0315
-0.0019	-0.0319
-0.0019	-0.0329
-0.0020	-0.0332
-0.0020	-0.0318
-0.0020	-0.0297
-0.0020	-0.0281
-0.0020	-0.0292
-0.0020	-0.0304
-0.0020	-0.0310
-0.0020	-0.0295
-0.0021	-0.0280
-0.0021	-0.0267
-0.0021	-0.0258
-0.0020	-0.0244
-0.0020	-0.0225
-0.0020	-0.0200
-0.0021	-0.0177
-0.0020	-0.0171
-0.0020	-0.0170
-0.0019	-0.0159
-0.0019	-0.0151
-0.0019	-0.0138
-0.0018	-0.0127
-0.0018	-0.0112
-0.0018	-0.0102
-0.0018	-0.0081
-0.0017	-0.0055
-0.0017	-0.0020
-0.0016	0.0006
-0.0014	0.0032
-0.0014	0.0039
-0.0014	0.0042
-0.0014	0.0051
-0.0012	0.0060
-0.0012	0.0054
-0.0011	0.0048
-0.0011	0.0027
-0.0011	-0.0012
-0.0011	-0.0049
-0.0010	-0.0094
-0.0010	-0.0115
-0.0011	-0.0141
-0.0011	-0.0150
-0.0011	-0.0136
-0.0011	-0.0113
-0.0011	-0.0099
-0.0011	-0.0087
-0.0012	-0.0069
-0.0011	-0.0060
-0.0011	-0.0045
-0.0011	-0.0036
-0.0010	-0.0023
-0.0010	-0.0005
-0.0010	0.0021
-0.0009	0.0037
-0.0009	0.0035
-0.0009	0.0033
-0.0009	0.0040
-0.0008	0.0050
-0.0008	0.0061
-0.0007	0.0050
-0.0007	0.0029
-0.0008	0.0009
-0.0007	-0.0018
-0.0007	-0.0051
-0.0008	-0.0091
-0.0008	-0.0133
-0.0008	-0.0168
-0.0008	-0.0185
-0.0009	-0.0199
-0.0009	-0.0211
-0.0010	-0.0221
-0.0011	-0.0219
-0.0011	-0.0217
-0.0011	-0.0210
-0.0012	-0.0194
-0.0012	-0.0166
-0.0012	-0.0154
-0.0012	-0.0148
-0.0012	-0.0164
-0.0013	-0.0177
-0.0013	-0.0198
-0.0013	-0.0209
-0.0013	-0.0221
-0.0013	-0.0230
-0.0014	-0.0236
-0.0014	-0.0230
-0.0014	-0.0224
-0.0015	-0.0217
-0.0015	-0.0220
-0.0015	-0.0210
-0.0015	-0.0208
-0.0015	-0.0209
-0.0015	-0.0202
-0.0016	-0.0187
-0.0015	-0.0188
-0.0015	-0.0182
-0.0015	-0.0176
-0.0016	-0.0169
-0.0015	-0.0177
-0.0016	-0.0178
-0.0015	-0.0187
-0.0015	-0.0196
-0.0016	-0.0204
-0.0016	-0.0202
-0.0017	-0.0194
-0.0016	-0.0203
-0.0016	-0.0219
-0.0016	-0.0215
-0.0016	-0.0206
-0.0017	-0.0185
-0.0017	-0.0158
-0.0016	-0.0141
-0.0016	-0.0116
-0.0016	-0.0091
-0.0015	-0.0073
-0.0015	-0.0067
-0.0014	-0.0066
-0.0015	-0.0085
-0.0015	-0.0100
-0.0014	-0.0123
-0.0014	-0.0147
-0.0015	-0.0157
-0.0015	-0.0145
-0.0015	-0.0131
-0.0014	-0.0115
-0.0014	-0.0109
-0.0014	-0.0102
-0.0013	-0.0099
-0.0014	-0.0113
-0.0014	-0.0135
-0.0014	-0.0140
-0.0014	-0.0146
-0.0014	-0.0155
-0.0014	-0.0147
-0.0014	-0.0140
-0.0014	-0.0127
-0.0014	-0.0129
-0.0013	-0.0142
-0.0013	-0.0153
-0.0014	-0.0167
-0.0014	-0.0183
-0.0014	-0.0184
-0.0014	-0.0172
-0.0014	-0.0175
-0.0014	-0.0158
-0.0014	-0.0141
-0.0014	-0.0136
-0.0014	-0.0127
-0.0014	-0.0121
-0.0014	-0.0125
-0.0014	-0.0128
-0.0014	-0.0145
-0.0014	-0.0169
-0.0014	-0.0212
-0.0015	-0.0254
-0.0015	-0.0279
-0.0016	-0.0287
-0.0016	-0.0287
-0.0017	-0.0282
-0.0016	-0.0294
-0.0016	-0.0297
-0.0017	-0.0292
-0.0017	-0.0280
-0.0017	-0.0266
-0.0018	-0.0247
-0.0018	-0.0221
-0.0018	-0.0194
-0.0018	-0.0182
-0.0018	-0.0178
-0.0017	-0.0181
-0.0017	-0.0174
-0.0017	-0.0160
-0.0017	-0.0149
-0.0017	-0.0137
-0.0016	-0.0115
-0.0016	-0.0110
-0.0016	-0.0113
-0.0016	-0.0128
-0.0016	-0.0148
-0.0016	-0.0174
-0.0016	-0.0197
-0.0016	-0.0224
-0.0016	-0.0240
-0.0017	-0.0225
-0.0016	-0.0204
-0.0016	-0.0186
-0.0017	-0.0180
-0.0016	-0.0175
-0.0016	-0.0168
-0.0016	-0.0168
-0.0016	-0.0172
-0.0016	-0.0170
-0.0016	-0.0156
-0.0016	-0.0144
-0.0016	-0.0123
-0.0016	-0.0104
-0.0015	-0.0082
-0.0015	-0.0061
-0.0015	-0.0046
-0.0014	-0.0048
-0.0014	-0.0054
-0.0013	-0.0056
-0.0013	-0.0050
-0.0013	-0.0044
-0.0012	-0.0030
-0.0012	-0.0015
-0.0013	-0.0011
-0.0011	-0.0022
-0.0012	-0.0026
-0.0012	-0.0039
-0.0011	-0.0046
-0.0011	-0.0023
-0.0011	-0.0024
-0.0010	-0.0030
-0.0011	-0.0039
-0.0010	-0.0055
-0.0010	-0.0070
-0.0010	-0.0077
-0.0010	-0.0092
-0.0010	-0.0092
-0.0010	-0.0096
-0.0010	-0.0109
-0.0010	-0.0100
-0.0010	-0.0090
-0.0010	-0.0087
-0.0011	-0.0088
-0.0011	-0.0099
-0.0010	-0.0106
-0.0010	-0.0121
-0.0011	-0.0128
-0.0011	-0.0131
-0.0012	-0.0142
-0.0012	-0.0135
-0.0011	-0.0129
-0.0012	-0.0126
-0.0012	-0.0124
-0.0012	-0.0106
-0.0011	-0.0090
-0.0011	-0.0085
-0.0011	-0.0087
-0.0011	-0.0090
-0.0011	-0.0086
-0.0012	-0.0076
-0.0011	-0.0073
-0.0010	-0.0059
-0.0011	-0.0040
-0.0010	-0.0022
-0.0010	0.0002
-0.0011	0.0014
-0.0009	0.0034
-0.0009	0.0045
-0.0009	0.0068
-0.0008	0.0076
-0.0008	0.0087
-0.0007	0.0095
-0.0007	0.0100
-0.0007	0.0099
-0.0006	0.0096
-0.0007	0.0089
-0.0006	0.0085
-0.0005	0.0084
-0.0005	0.0075
-0.0005	0.0051
-0.0005	0.0036
-0.0005	0.0041
-0.0005	0.0044
-0.0004	0.0056
-0.0004	0.0078
-0.0004	0.0107
-0.0004	0.0129
-0.0003	0.0145
-0.0002	0.0176
-0.0003	0.0192
-0.0002	0.0213
-0.0002	0.0233
-0.0001	0.0256
-0.0000	0.0288
0.0001	0.0317
0.0002	0.0320
0.0002	0.0330
0.0003	0.0331
0.0003	0.0326
0.0004	0.0328
0.0004	0.0332
0.0005	0.0325
0.0006	0.0326
0.0006	0.0337
0.0006	0.0332
0.0007	0.0314
0.0007	0.0299
0.0008	0.0312
0.0007	0.0308
0.0007	0.0313
0.0008	0.0313
0.0009	0.0310
0.0009	0.0311
0.0009	0.0317
0.0010	0.0321
0.0010	0.0328
0.0009	0.0320
0.0009	0.0319
0.0010	0.0317
0.0010	0.0312
0.0010	0.0306
0.0010	0.0311
0.0011	0.0319
0.0011	0.0319
0.0011	0.0314
0.0011	0.0305
0.0011	0.0282
0.0011	0.0248
0.0011	0.0226
0.0010	0.0228
0.0010	0.0245
0.0010	0.0238
0.0010	0.0223
0.0010	0.0207
0.0010	0.0179
0.0009	0.0161
0.0009	0.0137
0.0009	0.0110
0.0008	0.0088
0.0007	0.0083
0.0007	0.0089
0.0007	0.0103
0.0006	0.0113
0.0006	0.0129
0.0006	0.0164
0.0006	0.0172
0.0006	0.0164
0.0005	0.0164
0.0006	0.0177
0.0005	0.0179
0.0006	0.0183
0.0005	0.0172
0.0006	0.0175
0.0006	0.0200
0.0006	0.0220
0.0006	0.0237
0.0006	0.0248
0.0006	0.0245
0.0006	0.0257
0.0007	0.0259
0.0006	0.0260
0.0007	0.0248
0.0007	0.0249
0.0008	0.0267
0.0007	0.0272
0.0007	0.0266
0.0008	0.0262
0.0008	0.0257
0.0008	0.0255
0.0008	0.0259
0.0008	0.0281
0.0008	0.0284
0.0008	0.0277
0.0008	0.0281
0.0009	0.0278
0.0009	0.0287
0.0008	0.0289
0.0009	0.0293
0.0009	0.0285
0.0009	0.0271
0.0009	0.0259
0.0010	0.0267
0.0009	0.0283
0.0010	0.0293
0.0009	0.0324
0.0010	0.0340
0.0010	0.0337
0.0011	0.0326
0.0011	0.0319
0.0011	0.0305
0.0010	0.0297
0.0011	0.0278
0.0010	0.0274
0.0010	0.0302
0.0011	0.0316
0.0011	0.0317
0.0011	0.0316
0.0011	0.0314
0.0011	0.0312
0.0011	0.0319
0.0011	0.0319
0.0012	0.0334
0.0012	0.0353
0.0012	0.0359
0.0012	0.0360
0.0012	0.0357
0.0012	0.0352
0.0013	0.0356
0.0013	0.0360
0.0013	0.0367
0.0013	0.0391
0.0014	0.0416
0.0014	0.0430
0.0014	0.0448
0.0015	0.0444
0.0015	0.0442
0.0015	0.0438
0.0016	0.0420
0.0015	0.0406
0.0015	0.0380
0.0016	0.0367
0.0016	0.0352
0.0015	0.0339
0.0016	0.0326
0.0015	0.0314
0.0015	0.0320
0.0016	0.0326
0.0015	0.0341
0.0016	0.0369
0.0015	0.0388
0.0015	0.0410
0.0016	0.0402
0.0016	0.0400
0.0015	0.0393
0.0016	0.0393
0.0016	0.0394
0.0016	0.0387
0.0016	0.0390
0.0016	0.0392
0.0016	0.0378
0.0016	0.0367
0.0017	0.0355
0.0016	0.0340
0.0016	0.0319
0.0015	0.0308
0.0015	0.0323
0.0016	0.0335
0.0015	0.0353
0.0016	0.0361
0.0016	0.0364
0.0016	0.0374
0.0015	0.0377
0.0016	0.0373
0.0015	0.0370
0.0016	0.0365
0.0015	0.0368
0.0016	0.0388
0.0016	0.0400
0.0016	0.0396
0.0016	0.0382
0.0016	0.0371
0.0016	0.0366
0.0016	0.0353
0.0015	0.0331
0.0015	0.0316
0.0015	0.0303
0.0015	0.0284
0.0015	0.0265
0.0015	0.0244
0.0014	0.0222
0.0013	0.0197
0.0013	0.0187
0.0014	0.0184
0.0013	0.0177
0.0012	0.0189
0.0012	0.0183
0.0011	0.0187
0.0011	0.0176
0.0010	0.0180
0.0011	0.0185
0.0010	0.0198
0.0010	0.0204
0.0010	0.0217
0.0010	0.0234
0.0010	0.0246
0.0010	0.0252
0.0009	0.0265
0.0010	0.0273
0.0010	0.0269
0.0010	0.0261
0.0010	0.0256
0.0010	0.0256
0.0010	0.0251
0.0010	0.0250
0.0010	0.0268
0.0010	0.0285
0.0010	0.0296
0.0009	0.0297
0.0011	0.0313
0.0011	0.0315
0.0010	0.0327
0.0011	0.0318
0.0011	0.0306
0.0011	0.0290
0.0010	0.0282
0.0011	0.0281
0.0011	0.0290
0.0011	0.0303
0.0011	0.0316
0.0011	0.0314
0.0011	0.0311
0.0011	0.0289
0.0011	0.0272
0.0011	0.0265
0.0011	0.0265
0.0011	0.0268
0.0011	0.0265
0.0011	0.0266
0.0011	0.0252
0.0011	0.0234
0.0011	0.0231
0.0010	0.0236
0.0011	0.0241
0.0010	0.0257
0.0011	0.0258
0.0011	0.0256
0.0010	0.0245
0.0010	0.0229
0.0010	0.0205
0.0010	0.0197
0.0009	0.0193
0.0009	0.0193
0.0008	0.0185
0.0009	0.0163
0.0008	0.0141
0.0008	0.0114
0.0007	0.0105
0.0007	0.0110
0.0007	0.0121
0.0007	0.0154
0.0007	0.0177
0.0006	0.0184
0.0006	0.0178
0.0006	0.0191
0.0006	0.0209
0.0006	0.0219
0.0006	0.0228
0.0007	0.0231
0.0007	0.0243
0.0007	0.0259
0.0007	0.0268
0.0007	0.0275
0.0007	0.0283
0.0008	0.0291
0.0008	0.0284
0.0008	0.0275
0.0008	0.0285
0.0008	0.0290
0.0009	0.0274
0.0009	0.0275
0.0009	0.0296
0.0009	0.0313
0.0009	0.0311
0.0010	0.0307
0.0009	0.0301
0.0009	0.0284
0.0010	0.0267
0.0009	0.0244
0.0009	0.0222
0.0009	0.0211
0.0009	0.0206
0.0009	0.0185
0.0009	0.0154
0.0008	0.0124
0.0007	0.0101
0.0007	0.0074
0.0006	0.0064
0.0006	0.0060
0.0006	0.0061
0.0006	0.0070
0.0005	0.0083
0.0005	0.0085
0.0004	0.0073
0.0005	0.0069
0.0004	0.0091
0.0004	0.0092
0.0004	0.0094
0.0004	0.0107
0.0003	0.0110
0.0003	0.0117
0.0003	0.0129
0.0003	0.0142
0.0003	0.0125
0.0003	0.0098
0.0003	0.0074
0.0002	0.0063
0.0002	0.0076
0.0002	0.0083
0.0002	0.0095
0.0002	0.0125
0.0002	0.0146
0.0002	0.0154
0.0002	0.0160
0.0002	0.0137
0.0002	0.0131
0.0002	0.0139
0.0002	0.0162
0.0003	0.0188
0.0003	0.0206
0.0003	0.0221
0.0003	0.0231
0.0004	0.0238
0.0004	0.0246
0.0004	0.0230
0.0005	0.0236
0.0005	0.0246
0.0005	0.0260
0.0005	0.0281
0.0005	0.0300
-0.0038	-1.1382
-0.0186	-4.4579
-0.0385	-5.2803
-0.0572	-5.2803
-0.0749	-5.2803
-0.0917	-5.2803
-0.1077	-5.2803
-0.1227	-5.2803
-0.1369	-5.2803
-0.1503	-5.2803
-0.1629	-5.2803
-0.1749	-5.2803
-0.1862	-5.2803
-0.1968	-5.2803
-0.2067	-5.2803
-0.2161	-5.2803
-0.2249	-5.2803
-0.2333	-5.2803
-0.2411	-5.2803
-0.2485	-5.2803
-0.2555	-5.2803
-0.2621	-5.2803
-0.2683	-5.2803
-0.2741	-5.2803
-0.2796	-5.2803
-0.2848	-5.2803
-0.2898	-5.2803
-0.2945	-5.2803
-0.2989	-5.2803
-0.3030	-5.2803
-0.3070	-5.2803
-0.3107	-5.2803
-0.3143	-5.2803
-0.3176	-5.2803
-0.3207	-5.2803
-0.3236	-5.2803
-0.3264	-5.2803
-0.3289	-5.2803
-0.3308	-5.2803
-0.3321	-5.2803
-0.3327	-5.2803
-0.3329	-5.2803
-0.3327	-5.2803
-0.3319	-5.2803
-0.3308	-5.2758
-0.3293	-5.2260
-0.3275	-5.1053
-0.3253	-4.9701
-0.3228	-4.8326
-0.3200	-4.6923
-0.3169	-4.5509
-0.3136	-4.4111
-0.3099	-4.2716
-0.3060	-4.1289
-0.3019	-3.9834
-0.2975	-3.8364
-0.2928	-3.6872
-0.2880	-3.5342
-0.2829	-3.3795
-0.2776	-3.2232
-0.2721	-3.0641
-0.2664	-2.9032
-0.2604	-2.7409
-0.2543	-2.5768
-0.2480	-2.4124
-0.2415	-2.2468
-0.2348	-2.0806
-0.2280	-1.9161
-0.2211	-1.7496
-0.2139	-1.5836
-0.2066	-1.4173
-0.1993	-1.2498
-0.1917	-1.0821
-0.1841	-0.9151
-0.1763	-0.7479
-0.1684	-0.5800
-0.1604	-0.4114
-0.1524	-0.2426
-0.1442	-0.0731
-0.1360	0.0938
-0.1276	0.2596
-0.1192	0.4260
-0.1108	0.5898
-0.1022	0.7506
-0.0937	0.9093
-0.0851	1.0669
-0.0765	1.2200
-0.0679	1.3698
-0.0593	1.5165
-0.0507	1.6599
-0.0421	1.8005
-0.0335	1.9362
-0.0250	2.0666
-0.0166	2.1912
-0.0082	2.3130
0.0000	2.4311
0.0081	2.5458
0.0162	2.6546
0.0242	2.7584
0.0320	2.8570
0.0398	2.9508
0.0473	3.0388
0.0547	3.1199
0.0620	3.1954
0.0690	3.2648
0.0759	3.3285
0.0826	3.3863
0.0891	3.4382
0.0954	3.4825
0.1014	3.5217
0.1072	3.5562
0.1129	3.5831
0.1182	3.6024
0.1233	3.6153
0.1281	3.6216
0.1326	3.6213
0.1369	3.6156
0.1409	3.6036
0.1447	3.5861
0.1481	3.5601
0.1513	3.5286
0.1542	3.4909
0.1567	3.4482
0.1589	3.3989
0.1608	3.3457
0.1625	3.2855
0.1639	3.2202
0.1649	3.1493
0.1657	3.0722
0.1661	2.9914
0.1662	2.9072
0.1661	2.8195
0.1656	2.7285
0.1649	2.6334
0.1639	2.5355
0.1626	2.4332
0.1611	2.3244
0.1592	2.2130
0.1571	2.0993
0.1547	1.9838
0.1521	1.8660
0.1493	1.7474
0.1463	1.6253
0.1429	1.5008
0.1394	1.3744
0.1356	1.2468
0.1317	1.1185
0.1275	0.9887
0.1232	0.8602
0.1187	0.7320
0.1140	0.6037
0.1092	0.4756
0.1042	0.3497
0.0991	0.2224
0.0939	0.0967
0.0886	-0.0275
0.0831	-0.1504
0.0776	-0.2722
0.0720	-0.3898
0.0664	-0.5062
0.0607	-0.6214
0.0549	-0.7349
0.0491	-0.8466
0.0433	-0.9531
0.0374	-1.0583
0.0316	-1.1615
0.0258	-1.2606
0.0200	-1.3572
0.0141	-1.4512
0.0084	-1.5394
0.0027	-1.6228
-0.0029	-1.7009
-0.0085	-1.7759
-0.0140	-1.8471
-0.0195	-1.9158
-0.0247	-1.9813
-0.0299	-2.0416
-0.0350	-2.0977
-0.0400	-2.1492
-0.0449	-2.1951
-0.0496	-2.2363
-0.0541	-2.2747
-0.0586	-2.3087
-0.0629	-2.3400
-0.0670	-2.3653
-0.0709	-2.3852
-0.0748	-2.3994
-0.0784	-2.4094
-0.0818	-2.4170
-0.0851	-2.4183
-0.0881	-2.4141
-0.0910	-2.4061
-0.0937	-2.3949
-0.0962	-2.3801
-0.0984	-2.3621
-0.1005	-2.3410
-0.1024	-2.3161
-0.1041	-2.2870
-0.1056	-2.2551
-0.1069	-2.2180
-0.1079	-2.1759
-0.1088	-2.1295
-0.1095	-2.0796
-0.1099	-2.0249
-0.1102	-1.9707
-0.1103	-1.9142
-0.1101	-1.8547
-0.1098	-1.7924
-0.1093	-1.7276
-0.1086	-1.6614
-0.1077	-1.5912
-0.1067	-1.5186
-0.1054	-1.4442
-0.1040	-1.3671
-0.1024	-1.2880
-0.1006	-1.2075
-0.0987	-1.1257
-0.0966	-1.0437
-0.0943	-0.9619
-0.0919	-0.8784
-0.0895	-0.7949
-0.0868	-0.7113
-0.0840	-0.6264
-0.0811	-0.5398
-0.0781	-0.4533
-0.0750	-0.3679
-0.0718	-0.2818
-0.0684	-0.1979
-0.0650	-0.1154
-0.0616	-0.0318
-0.0580	0.0512
-0.0544	0.1340
-0.0508	0.2160
-0.0470	0.2981
-0.0432	0.3771
-0.0394	0.4535
-0.0355	0.5300
-0.0316	0.6046
-0.0277	0.6780
-0.0238	0.7494
-0.0199	0.8180
-0.0160	0.8858
-0.0121	0.9504
-0.0081	1.0130
-0.0043	1.0735
-0.0004	1.1305
0.0034	1.1858
0.0072	1.2412
0.0109	1.2928
0.0146	1.3423
0.0182	1.3866
0.0218	1.4281
0.0252	1.4666
0.0286	1.5024
0.0320	1.5338
0.0352	1.5635
0.0383	1.5894
0.0414	1.6116
0.0443	1.6294
0.0471	1.6428
0.0497	1.6541
0.0523	1.6625
0.0548	1.6704
0.0571	1.6736
0.0593	1.6725
0.0613	1.6690
0.0633	1.6629
0.0650	1.6541
0.0667	1.6424
0.0681	1.6240
0.0695	1.6042
0.0707	1.5823
0.0717	1.5571
0.0727	1.5293
0.0735	1.4979
0.0741	1.4635
0.0746	1.4277
0.0748	1.3899
0.0750	1.3494
0.0750	1.3071
0.0749	1.2627
0.0746	1.2184
0.0742	1.1714
0.0736	1.1215
0.0730	1.0694
0.0722	1.0166
0.0713	0.9650
0.0702	0.9114
0.0690	0.8559
0.0677	0.7974
0.0663	0.7372
0.0648	0.6768
0.0631	0.6189
0.0615	0.5609
0.0596	0.5039
0.0577	0.4441
0.0557	0.3864
0.0536	0.3282
0.0514	0.2685
0.0493	0.2083
0.0470	0.1473
0.0446	0.0866
0.0421	0.0278
0.0397	-0.0288
0.0372	-0.0850
0.0346	-0.1403
0.0321	-0.1972
0.0295	-0.2514
0.0268	-0.3047
0.0241	-0.3572
0.0215	-0.4091
0.0187	-0.4591
0.0160	-0.5083
0.0133	-0.5551
0.0107	-0.6018
0.0080	-0.6470
0.0053	-0.6903
0.0026	-0.7309
-0.0001	-0.7691
-0.0027	-0.8051
-0.0053	-0.8384
-0.0078	-0.8726
-0.0103	-0.9033
-0.0127	-0.9323
-0.0151	-0.9600
-0.0175	-0.9874
-0.0199	-1.0120
-0.0221	-1.0358
-0.0243	-1.0559
-0.0264	-1.0746
-0.0285	-1.0913
-0.0305	-1.1067
-0.0324	-1.1190
-0.0343	-1.1276
-0.0361	-1.1330
-0.0377	-1.1376
-0.0393	-1.1418
-0.0409	-1.1440
-0.0423	-1.1435
-0.0437	-1.1405
-0.0449	-1.1349
-0.0461	-1.1265
-0.0471	-1.1162
-0.0481	-1.1040
-0.0490	-1.0917
-0.0497	-1.0783
-0.0504	-1.0619
-0.0510	-1.0432
-0.0515	-1.0220
-0.0518	-0.9987
-0.0521	-0.9735
-0.0523	-0.9495
-0.0524	-0.9244
-0.0524	-0.8978
-0.0523	-0.8690
-0.0522	-0.8381
-0.0519	-0.8068
-0.0515	-0.7726
-0.0511	-0.7363
-0.0506	-0.6998
-0.0499	-0.6630
-0.0491	-0.6264
-0.0483	-0.5903
-0.0475	-0.5547
-0.0465	-0.5203
-0.0456	-0.4834
-0.0445	-0.4448
-0.0433	-0.4049
-0.0421	-0.3649
-0.0409	-0.3240
-0.0395	-0.2816
-0.0382	-0.2381
-0.0367	-0.1931
-0.0352	-0.1485
-0.0336	-0.1045
-0.0319	-0.0603
-0.0302	-0.0159
-0.0285	0.0271
-0.0267	0.0653
-0.0250	0.1014
-0.0232	0.1400
-0.0213	0.1768
-0.0196	0.2123
-0.0177	0.2462
-0.0158	0.2789
-0.0139	0.3103
-0.0121	0.3408
-0.0103	0.3708
-0.0085	0.3986
-0.0066	0.4268
-0.0048	0.4560
-0.0030	0.4859
-0.0013	0.5136
0.0005	0.5416
0.0023	0.5687
0.0041	0.5952
0.0058	0.6175
0.0075	0.6402
0.0092	0.6617
0.0108	0.6809
0.0124	0.6991
0.0140	0.7180
0.0156	0.7338
0.0171	0.7485
0.0186	0.7606
0.0200	0.7708
0.0213	0.7791
0.0226	0.7865
0.0239	0.7924
0.0251	0.7952
0.0262	0.7967
0.0273	0.7967
0.0284	0.7969
0.0293	0.7933
0.0301	0.7889
0.0310	0.7809
0.0317	0.7720
0.0323	0.7635
0.0330	0.7533
0.0335	0.7419
0.0340	0.7290
0.0343	0.7149
0.0346	0.7018
0.0349	0.6886
0.0351	0.6739
0.0353	0.6599
0.0353	0.6430
0.0353	0.6245
0.0353	0.6056
0.0352	0.5868
0.0350	0.5681
0.0348	0.5489
0.0346	0.5268
0.0342	0.5023
0.0339	0.4778
0.0334	0.4530
0.0329	0.4259
0.0323	0.3985
0.0316	0.3704
0.0309	0.3417
0.0302	0.3138
0.0294	0.2861
0.0286	0.2602
0.0277	0.2333
0.0269	0.2064
0.0259	0.1798
0.0249	0.1532
0.0239	0.1269
0.0229	0.1010
0.0218	0.0725
0.0207	0.0441
0.0196	0.0156
0.0184	-0.0135
0.0172	-0.0429
0.0160	-0.0719
0.0148	-0.0990
0.0135	-0.1268
0.0122	-0.1520
0.0110	-0.1753
0.0097	-0.1963
0.0085	-0.2184
0.0072	-0.2390
0.0059	-0.2604
0.0047	-0.2820
0.0034	-0.3038
0.0021	-0.3241
0.0009	-0.3434
-0.0004	-0.3632
-0.0016	-0.3813
-0.0028	-0.3967
-0.0041	-0.4121
-0.0053	-0.4254
-0.0064	-0.4356
-0.0075	-0.4460
-0.0086	-0.4562
-0.0096	-0.4671
-0.0106	-0.4764
-0.0116	-0.4852
-0.0126	-0.4924
-0.0135	-0.4987
-0.0145	-0.5060
-0.0153	-0.5121
-0.0161	-0.5169
-0.0170	-0.5205
-0.0178	-0.5239
-0.0185	-0.5261
-0.0192	-0.5283
-0.0199	-0.5290
-0.0205	-0.5292
-0.0211	-0.5289
-0.0217	-0.5290
-0.0222	-0.5277
-0.0227	-0.5247
-0.0231	-0.5208
-0.0235	-0.5171
-0.0239	-0.5124
-0.0243	-0.5064
-0.0245	-0.5009
-0.0248	-0.4933
-0.0250	-0.4843
-0.0251	-0.4728
-0.0253	-0.4592
-0.0254	-0.4458
-0.0254	-0.4331
-0.0254	-0.4187
-0.0253	-0.4053
-0.0251	-0.3910
-0.0250	-0.3755
-0.0248	-0.3585
-0.0245	-0.3400
-0.0243	-0.3211
-0.0239	-0.2998
-0.0235	-0.2790
-0.0230	-0.2589
-0.0226	-0.2403
-0.0221	-0.2210
-0.0215	-0.2030
-0.0209	-0.1834
-0.0203	-0.1647
-0.0197	-0.1462
-0.0191	-0.1280
-0.0184	-0.1093
-0.0177	-0.0920
-0.0170	-0.0750
-0.0162	-0.0581
-0.0156	-0.0417
-0.0148	-0.0243
-0.0140	-0.0060
-0.0132	0.0131
-0.0124	0.0325
-0.0116	0.0523
-0.0108	0.0729
-0.0098	0.0930
-0.0090	0.1106
-0.0081	0.1289
-0.0073	0.1442
-0.0064	0.1599
-0.0055	0.1766
-0.0045	0.1930
-0.0037	0.2087
-0.0027	0.2250
-0.0019	0.2406
-0.0010	0.2558
-0.0000	0.2699
0.0008	0.2843
0.0017	0.2976
0.0026	0.3097
0.0035	0.3227
0.0043	0.3325
0.0052	0.3413
0.0060	0.3488
0.0067	0.3570
0.0075	0.3649
0.0083	0.3722
0.0090	0.3789
0.0097	0.3834
0.0104	0.3881
0.0110	0.3921
0.0117	0.3969
0.0123	0.3989
0.0129	0.4026
0.0134	0.4053
0.0139	0.4047
0.0144	0.4036
0.0149	0.4022
0.0153	0.4001
0.0156	0.3976
0.0160	0.3945
0.0164	0.3921
0.0167	0.3908
0.0170	0.3887
0.0173	0.3864
0.0175	0.3847
0.0177	0.3801
0.0179	0.3742
0.0181	0.3663
0.0182	0.3579
0.0183	0.3488
0.0184	0.3391
0.0183	0.3296
0.0183	0.3197
0.0183	0.3087
0.0182	0.2976
0.0180	0.2857
0.0179	0.2733
0.0177	0.2615
0.0175	0.2514
0.0173	0.2405
0.0171	0.2304
0.0168	0.2202
0.0165	0.2108
0.0162	0.2012
0.0159	0.1917
0.0155	0.1799
0.0151	0.1657
0.0148	0.1520
0.0143	0.1373
0.0139	0.1226
0.0135	0.1072
0.0130	0.0917
0.0125	0.0754
0.0119	0.0593
0.0113	0.0415
0.0108	0.0248
0.0103	0.0098
0.0096	-0.0016
0.0091	-0.0137
0.0084	-0.0258
0.0078	-0.0390
0.0072	-0.0514
0.0065	-0.0639
0.0059	-0.0754
0.0052	-0.0861
0.0046	-0.0961
0.0040	-0.1052
0.0034	-0.1147
0.0028	-0.1233
0.0022	-0.1325
0.0015	-0.1425
0.0010	-0.1523
0.0003	-0.1629
-0.0003	-0.1728
-0.0009	-0.1815
-0.0015	-0.1895
-0.0021	-0.1962
-0.0026	-0.2013
-0.0032	-0.2060
-0.0038	-0.2108
-0.0043	-0.2151
-0.0048	-0.2199
-0.0052	-0.2245
-0.0057	-0.2265
-0.0061	-0.2268
-0.0065	-0.2283
-0.0070	-0.2318
-0.0073	-0.2342
-0.0077	-0.2366
-0.0081	-0.2372
-0.0085	-0.2399
-0.0089	-0.2434
-0.0091	-0.2459
-0.0094	-0.2461
-0.0098	-0.2456
-0.0101	-0.2449
-0.0103	-0.2434
-0.0106	-0.2423
-0.0107	-0.2421
-0.0110	-0.2408
-0.0112	-0.2389
-0.0113	-0.2364
-0.0115	-0.2335
-0.0116	-0.2311
-0.0117	-0.2282
-0.0119	-0.2251
-0.0120	-0.2222
-0.0119	-0.2175
-0.0121	-0.2131
-0.0121	-0.2072
-0.0121	-0.2006
-0.0120	-0.1942
-0.0120	-0.1863
-0.0119	-0.1758
-0.0118	-0.1663
-0.0117	-0.1557
-0.0116	-0.1471
-0.0114	-0.1374
-0.0112	-0.1280
-0.0110	-0.1187
-0.0108	-0.1103
-0.0106	-0.1022
-0.0103	-0.0920
-0.0100	-0.0823
-0.0097	-0.0735
-0.0094	-0.0636
-0.0091	-0.0540
-0.0088	-0.0450
-0.0085	-0.0348
-0.0081	-0.0215
-0.0077	-0.0110
-0.0073	-0.0036
-0.0069	0.0042
-0.0065	0.0131
-0.0061	0.0236
-0.0057	0.0344
-0.0052	0.0452
-0.0048	0.0573
-0.0043	0.0682
-0.0039	0.0774
-0.0034	0.0862
-0.0029	0.0947
-0.0025	0.1041
-0.0020	0.1137
-0.0015	0.1230
-0.0011	0.1311
-0.0006	0.1382
-0.0001	0.1440
0.0004	0.1503
0.0008	0.1576
0.0012	0.1644
0.0017	0.1706
0.0021	0.1768
0.0026	0.1834
0.0030	0.1890
0.0035	0.1964
0.0039	0.2035
0.0044	0.2088
0.0048	0.2124
0.0052	0.2178
0.0056	0.2228
0.0059	0.2290
0.0063	0.2336
0.0067	0.2378
0.0071	0.2410
0.0075	0.2446
0.0078	0.2473
0.0082	0.2487
0.0085	0.2500
0.0087	0.2516
0.0091	0.2519
0.0094	0.2522
0.0096	0.2521
0.0098	0.2527
0.0101	0.2510
0.0103	0.2485
0.0105	0.2475
0.0107	0.2470
0.0109	0.2457
0.0110	0.2416
0.0111	0.2356
0.0112	0.2306
0.0113	0.2266
0.0113	0.2237
0.0114	0.2191
0.0114	0.2147
0.0114	0.2110
0.0114	0.2099
0.0114	0.2081
0.0114	0.2071
0.0114	0.2046
0.0114	0.2025
0.0114	0.1983
0.0113	0.1928
0.0113	0.1844
0.0112	0.1768
0.0111	0.1707
0.0110	0.1656
0.0108	0.1572
0.0107	0.1481
0.0106	0.1389
0.0103	0.1308
0.0102	0.1227
0.0099	0.1137
0.0097	0.1067
0.0094	0.0976
0.0091	0.0865
0.0089	0.0750
0.0085	0.0641
0.0082	0.0533
0.0078	0.0430
0.0075	0.0329
0.0071	0.0215
0.0067	0.0124
0.0063	0.0042
0.0060	-0.0041
0.0056	-0.0134
0.0051	-0.0219
0.0047	-0.0325
0.0043	-0.0431
0.0039	-0.0520
0.0034	-0.0613
0.0029	-0.0689
0.0025	-0.0754
0.0021	-0.0817
0.0016	-0.0853
0.0012	-0.0882
0.0009	-0.0925
0.0005	-0.0968
0.0001	-0.1013
-0.0003	-0.1054
-0.0007	-0.1116
-0.0010	-0.1187
-0.0014	-0.1264
-0.0018	-0.1324
-0.0022	-0.1371
-0.0026	-0.1423
-0.0029	-0.1468
-0.0033	-0.1506
-0.0036	-0.1545
-0.0040	-0.1597
-0.0043	-0.1622
-0.0046	-0.1641
-0.0049	-0.1638
-0.0052	-0.1648
-0.0055	-0.1666
-0.0057	-0.1678
-0.0060	-0.1681
-0.0062	-0.1706
-0.0065	-0.1729
-0.0067	-0.1741
-0.0070	-0.1742
-0.0071	-0.1746
-0.0073	-0.1731
-0.0075	-0.1727
-0.0077	-0.1704
-0.0078	-0.1681
-0.0079	-0.1658
-0.0081	-0.1627
-0.0082	-0.1597
-0.0082	-0.1551
-0.0083	-0.1492
-0.0083	-0.1420
-0.0083	-0.1347
-0.0083	-0.1296
-0.0082	-0.1237
-0.0082	-0.1164
-0.0081	-0.1105
-0.0081	-0.1050
-0.0080	-0.0983
-0.0078	-0.0912
-0.0077	-0.0825
-0.0076	-0.0742
-0.0074	-0.0657
-0.0072	-0.0585
-0.0070	-0.0500
-0.0067	-0.0436
-0.0065	-0.0359
-0.0063	-0.0283
-0.0060	-0.0190
-0.0058	-0.0107
-0.0055	-0.0030
-0.0052	0.0059
-0.0049	0.0153
-0.0046	0.0268
-0.0042	0.0365
-0.0038	0.0445
-0.0035	0.0522
-0.0031	0.0607
-0.0028	0.0686
-0.0024	0.0767
-0.0021	0.0839
-0.0017	0.0905
-0.0013	0.0964
-0.0009	0.1029
-0.0006	0.1063
-0.0001	0.1097
0.0002	0.1140
0.0005	0.1200
0.0008	0.1259
0.0011	0.1304
0.0016	0.1366
0.0019	0.1400
0.0023	0.1427
0.0025	0.1433
0.0028	0.1453
0.0031	0.1476
0.0033	0.1513
0.0037	0.1548
0.0039	0.1569
0.0042	0.1579
0.0044	0.1595
0.0047	0.1607
0.0049	0.1614
0.0052	0.1642
0.0054	0.1667
0.0056	0.1707
0.0058	0.1732
